2 8 11076 6156 6033 37 3131 52 11162 9206
3 3 351 219 11218
2 6 299 363 242 9251 6406 6331
3 4 3301 6301 253 377
3 8 9289 342 6292 386 304 360 3759 9304
3 7 9438 9246 11358 310 6459 3219 6326
3 7 6326 3219 358 9341 406 3267 11370
3 6 6429 462 3562 11427 491 11479
3 4 9535 478 9428 6521
3 5 9546 493 548 11492 3544
3 7 3569 3553 583 494 3485 3545 552
3 3 6934 519 9517
3 3 678 521 11516
3 4 3522 9375 526 6377
2 6 7256 531 7911 1933 556 5025
3 5 11420 9500 11548 575 6446
1 5 9630 11615 671 3675 688
2 4 9668 690 660 3663
3 4 9665 11651 704 11666
2 5 737 568 3722 705 3686
3 6 670 9647 6733 731 6753 748
3 6 705 3722 568 737 3755 11683
3 4 11702 755 11718 3771
1 3 654 772 3653
3 6 4168 6943 788 11738 865 6846
3 5 9817 6924 799 3861 11805
2 5 3981 6928 848 9981 12040
3 5 9785 3859 857 884 3902
3 6 7183 1178 875 3871 6896 9778
3 6 11825 6936 903 885 11852 3902
3 4 9893 3889 886 11746
3 4 9930 3936 895 11818
3 3 3928 911 11834
2 4 7766 7858 917 12508
3 3 9833 922 9902
3 5 819 9826 923 11846 9904
3 5 856 981 11898 928 4112
3 4 6866 9925 931 11851
3 4 819 955 851 6972
3 5 1093 9889 962 6959 6906
3 4 6933 980 970 11805
1 5 6995 11881 11894 975 9932
2 3 11913 996 4105
3 3 7155 1003 12040
2 7 4183 1053 12030 10084 1006 12084 7071
3 5 1145 9964 1013 11923 7132
3 4 1151 12071 1028 1064
3 3 1201 1065 11919
2 4 7191 11991 1096 12059
3 5 7087 12072 1097 993 4100
3 3 11943 1102 7203
3 4 792 1108 10087 1088
3 7 9989 7079 4060 7206 1130 9992 7082
3 6 7202 10047 11927 10051 1132 12054
3 4 4193 1173 11965 4178
2 6 3456 1179 7917 12774 13082 2070
3 6 4064 1061 1190 7020 4003 3456
3 5 1109 976 1205 12001 9916
1 7 4396 12283 4216 12905 1208 1304 1316
1 8 12237 12931 1242 1222 12123 10147 12484 10505
1 6 7342 1364 4384 12255 1392 7399
2 5 4379 12210 1374 4539 1520
3 5 7642 7223 1386 12249 7381
1 3 12705 1395 4925
2 4 10401 1510 8120 10801
3 5 12358 1518 1561 4308 7598
3 4 1519 1531 1034 1575
3 4 1352 9802 1534 4567
3 6 4645 12323 1511 1540 4630 1652
3 4 5186 10994 1583 2109
3 4 1542 7594 1598 4575
3 6 7564 10445 10458 1611 7450 7520
3 5 12458 12778 6803 1618 2043
3 3 3992 1628 7637
3 6 1568 4602 4643 1639 12494 12321
3 3 3169 1684 4669
2 4 7900 10566 1688 5106
2 4 12124 1690 10693 12578
3 4 4791 1773 12924 12910
2 3 12508 1799 13202
3 5 1814 7826 1801 10609 4718
3 7 4780 10670 7774 4659 7833 1812 12602
1 6 4794 10711 1815 7688 7888 4865
3 3 4455 1819 12592
2 3 4744 1823 1839
2 3 4584 1833 4696
3 4 4785 1837 1697 7802
1 3 1823 1839 7878
3 4 5221 1846 10988 2176
2 7 4797 10543 1791 7676 1859 4732 4801
3 3 7891 1872 13202
1 4 4891 1889 2039 1986
2 3 8073 1920 10840
3 4 12782 1927 12341 10337
3 4 8021 2025 1932 12817
2 6 4064 1147 1980 4110 7084 10735
2 4 5026 2007 12770 12825
1 3 2011 2008 5052
3 3 10829 2012 2100
2 3 10956 2035 5008
1 3 5000 2052 12845
3 3 1975 2056 1891
3 3 4995 2063 12991
3 3 7944 2072 12766
3 3 1988 2075 10728
2 3 12975 2115 10968
2 6 7088 12783 2154 12783 1181 4941
1 4 12952 2169 2161 8161
3 9 5198 12949 1557 8230 2187 2166 12957 1514 7481
1 3 1494 2171 7900
2 3 2173 2194 11007
2 4 5208 12959 2204 8175
3 3 5143 2208 10986
2 3 3184 2877 12549
3 3 9224 2900 11122
3 3 13065 2923 11261
3 3 7901 2947 10585
2 7 9167 67 204 3161 3061 6186 9206
3 8 6181 178 11031 11117 3134 11183 142 9140
2 6 3122 11065 9038 3025 3137 9167
3 6 6314 3354 11246 3194 11246 9483
3 3 3301 3205 6384
2 3 405 3234 3326
3 4 11293 3359 3242 3379
3 4 377 407 3274 6363
3 5 3277 3325 3260 6393 6287
3 3 3258 3340 9388
3 3 11237 3342 11293
3 4 3521 3458 562 6499
3 4 442 3497 11430 9427
3 5 11446 3501 13070 11333 6103
3 8 499 6479 3517 9530 3503 520 11474 3529
3 3 11533 3524 9486
3 4 514 11481 3535 6582
3 4 9418 3560 3546 13011
3 5 3521 3559 9521 11507 6499
3 3 7891 3606 7869
3 4 646 11787 3614 11586
1 5 3780 607 3641 11601 11604
3 5 646 9606 3649 630 9602
3 5 512 3493 6688 3655 6651
2 5 1599 9702 6669 3656 3653
1 5 6680 3660 3662 6661 969
3 4 670 3672 6689 7554
3 5 870 689 3685 9825 6890
3 5 11654 6707 3687 882 6890
2 4 11486 3692 11640 663
3 4 7718 3706 10684 6726
3 3 761 3736 11571
3 3 2097 3795 8123
3 6 9727 7547 971 7528 3829 6850
3 4 1109 976 3864 3973
3 6 6972 9856 10027 3901 12066 9990
3 3 982 3922 3939
3 3 911 3928 9909
1 5 3902 6903 9857 3931 11697
3 4 591 11901 3943 3924
3 3 982 3956 3984
2 5 848 6928 3981 3852 6922
2 6 856 3856 3983 9878 11907 12016
3 4 1068 4055 3996 7011
2 5 4159 4014 1009 7147 10074
3 6 1734 7776 4029 7829 926 12456
3 5 1069 4037 10043 12069 7129
2 6 1047 1202 4050 1162 1078 4165
3 5 7150 4187 4072 7177 7430
3 4 10434 9937 4079 11916
3 4 11979 4161 4088 4206
3 3 9953 4091 11928
1 5 12014 11918 4125 7159 12350
3 3 1024 4153 1117
2 8 4050 1162 1078 4165 9938 10093 10010 7071
3 5 4854 4738 4166 9657 12357
3 5 7197 4179 7046 10092 11925
2 5 7054 4185 4038 9984 7172
3 3 1182 4188 4100
3 4 1173 4193 7211 7096
3 6 12291 10247 4287 12221 10318 12459
3 5 7064 9973 4299 12777 5055
1 8 4223 4284 4341 7331 7303 1423 1396 4401
2 8 9616 7721 10305 4347 4331 3588 9697 9713
2 9 7381 10279 1342 4361 4320 1313 1274 10322 12268
1 8 4334 7380 1400 4363 1400 1605 12176 10232
3 8 4638 7243 4300 4374 4303 1314 12294 10253
1 7 1520 10326 4397 12297 7280 1302 4379
2 4 7624 4458 7495 7661
3 3 4111 4486 4440
1 3 1833 4584 5231
3 3 4611 4624 7617
3 4 5198 4632 1472 12308
3 6 3152 11426 11127 11443 4640 9120
3 4 12682 3800 4695 10585
3 6 1801 10609 4718 7887 1565 4543
3 6 1426 12503 4787 4720 4787 7683
3 7 12510 4827 4730 12514 7882 10561 7809
3 3 2126 4735 13217
3 4 761 4753 10605 7185
1 7 4737 1792 7759 1761 4762 10681 7785
3 3 12932 4776 7798
3 4 4749 4760 4830 4871
3 6 4166 4738 4854 751 5205 12582
1 7 10578 10647 10575 12612 4856 10632 12669
2 6 1262 1857 11712 4860 12585 1851
2 3 8057 4898 10830
2 3 12715 4904 12867
3 5 8057 1945 4977 4908 10765
3 3 1969 4938 8021
1 3 2040 4954 5010
2 4 2011 4956 1952 10738
3 3 7982 4959 12832
3 4 12806 7925 4961 12836
2 3 2077 4965 12715
1 4 1963 8031 4966 8117
2 3 4934 4980 5008
3 3 1900 4991 2077
3 3 5028 4997 7963
3 4 7992 10875 5012 7979
3 3 13088 5015 10769
2 3 2080 5036 8244
1 3 13089 5052 2008
2 3 2080 5054 11012
3 5 1883 7919 5060 8052 10827
1 6 1591 4768 5062 12370 2058 12581
3 3 5034 5077 8058
3 3 11145 5079 10761
3 3 1974 5084 3165
3 3 4045 5096 4410
3 3 1975 5101 7930
1 3 8188 5128 10993
1 3 2216 5155 12950
1 3 10860 5160 12929
3 3 2123 5164 2159
3 4 2227 5168 10939 10998
3 8 12990 12976 2191 12948 5197 5183 10927 8186
2 4 2204 12959 5208 8129
3 3 5196 5210 10976
2 4 12939 10960 5216 8185
2 5 2218 8233 5223 12422 10392
2 4 2192 3109 6008 12824
2 3 1745 6211 12549
2 7 9288 6319 3203 6232 6556 11477 441
3 3 11279 6237 9315
3 3 391 6241 11456
3 3 6336 6286 9309
3 5 11237 11267 6313 3396 9303
3 3 9315 6318 6384
3 3 3369 6351 3422
3 4 3274 6363 9364 3301
3 5 3299 3571 9555 6418 11542
3 6 6474 3421 6420 9571 3767 6596
3 6 6429 3457 6509 6557 6435 474
2 5 11479 6483 6431 11536 11691
3 4 3422 6489 11471 9239
3 7 6566 9516 3489 6490 11400 9581 6794
3 4 564 6513 3561 6524
3 5 9569 11525 6552 9527 11666
3 3 516 6560 6446
3 4 3569 6562 3414 3583
3 3 529 6570 6469
3 4 11420 6585 9534 11506
3 3 6488 6594 11417
1 3 778 6609 3768
1 4 778 9603 6666 9622
2 4 688 6691 6687 3673
3 4 6720 9676 6703 9660
3 4 686 6720 9676 6703
1 5 4741 1736 6742 12676 12124
3 4 11534 6584 6761 9548
3 4 3605 6778 6916 9708
3 3 782 6793 9582
3 6 6812 6966 3873 6817 9896 6906
3 3 883 6843 6972
3 4 3829 6850 3802 11800
3 7 831 11776 11760 6855 3853 9825 6890
3 4 6875 6862 11751 9904
3 3 6862 6875 11833
2 6 898 6822 959 6922 3852 3981
1 5 9764 854 6927 9824 9853
3 5 951 6929 11758 847 9804
2 3 3973 6930 11786
1 6 6766 943 6931 3898 897 872
2 4 519 6934 3679 663
3 4 3924 6957 6983 9588
3 8 6947 946 9883 11862 6964 9897 6944 898
3 4 3957 6984 9758 6845
2 4 1110 11961 7054 4185
3 6 4299 9973 7064 7334 1541 4516
3 8 1130 9992 7082 1204 4151 12094 10123 11954
1 3 10070 7100 11987
3 4 11960 1067 7102 10032
3 3 4206 7107 7170
3 3 177 7123 9377
3 3 10434 7126 10098
3 6 1092 1191 7145 1167 10055 12031
2 4 4072 4187 7150 11952
3 3 7151 7170 7107
3 4 1092 11946 7212 12031
3 5 3816 11737 7213 9933 9785
3 4 12100 7215 4199 10013
2 4 7125 7221 7204 11992
3 6 7637 9959 4203 10017 7222 1146
3 3 4273 7293 10191
3 5 6105 6016 11200 7330 186
3 4 3498 7348 12534 13075
3 5 11853 6991 789 7454 3653
3 3 1636 7604 1822
3 4 1568 7621 4573 12379
3 5 718 9675 4445 7629 10230
3 4 1641 7638 4436 10447
2 6 4525 10451 7659 1458 1034 1575
3 7 1356 4769 7807 10715 7683 4787 4720
3 6 7798 12576 7755 1667 10455 10682
1 5 9792 7999 7764 4742 10662
3 6 4540 7615 7797 7464 4510 10410
3 6 4607 4736 7827 10591 7879 4799
3 5 4506 1588 12618 7832 7763
3 3 13075 7901 2947
2 6 5000 4892 5056 7915 5317 8050
3 3 12873 7921 10895
3 4 8071 10836 7950 12707
3 3 1993 7963 4997
1 7 1170 4210 7976 7965 8023 1383 10776
3 3 10912 7968 8024
2 3 4580 7969 4609
3 4 2097 12855 7977 12726
3 3 4920 7979 5012
2 5 8057 10871 8003 10800 10746
3 3 7959 8006 10762
2 3 7716 8016 8048
3 4 1932 2025 8021 4938
1 4 10887 4979 8022 12717
3 3 13212 8039 8096
2 4 4108 1989 8046 4933
1 3 7991 8047 12798
3 3 7548 8054 12677
3 3 5077 8058 8015
3 3 5013 8065 5070
3 3 1974 8078 11012
2 6 5025 3745 8081 10724 8055 7803
3 4 12897 2037 8097 10740
1 5 10772 10066 9084 8106 10887
2 3 4982 8107 5214
3 5 10791 4932 8118 12894 13079
3 3 5013 8122 10803
3 3 3916 8123 3795
3 8 4645 10971 5125 8152 2201 10958 10937 5207
1 4 10952 8157 8240 10924
1 3 2161 8161 12982
2 3 8175 8172 10956
3 6 5183 10927 8186 5225 5211 8249
3 5 5200 8189 10959 5115 8140
1 4 2156 8199 5190 12983
3 9 12990 12962 8200 10949 7608 7579 1511 12323 4645
3 3 12632 8204 2197
1 4 12939 8211 10982 12973
2 3 2174 8231 12994
2 4 8143 4617 8242 8227
3 6 1652 8228 8243 8130 11011 12990
2 3 5036 8244 5139
1 4 5120 8252 5051 12798
3 3 5143 8255 10975
3 5 117 11139 9098 3053 9120
2 5 105 6538 9121 7712 7898
3 4 6050 9149 11163 35
3 7 3140 57 70 9197 11068 149 3151
3 8 3174 11291 308 6178 9221 592 415 11202
3 6 537 6236 9387 9252 11260 279
2 4 6535 11233 9281 9309
3 4 3544 6567 9316 6375
3 5 6282 6334 9334 9361 11372
3 3 4450 9377 7123
3 4 9315 9379 9269 11297
3 3 321 9388 3340
3 5 418 9449 3492 558 3580
3 5 3509 9478 11613 9631 11600
3 3 6524 9497 11404
3 3 391 9498 3262
3 5 3552 6572 9525 6548 6536
3 4 495 3398 9547 9486
3 4 3522 6487 9560 6582
3 3 3583 9567 9412
3 6 591 6611 9586 6614 3596 624
1 5 776 6635 9587 9618 9620
3 4 4345 9601 7291 12149
3 3 6677 9614 9612
3 7 3696 6697 9640 11622 9619 3665 6679
3 5 11581 3592 6650 9627 599
3 6 3763 11695 722 9667 9724 6710
2 3 690 9668 11639
1 6 3686 6704 9677 9680 6741 11668
3 5 6711 6714 9687 713 11659
3 6 6717 11660 9673 9693 3806 718
3 5 6706 9701 6747 9716 11534
3 4 925 6926 9794 9904
3 5 7169 1165 9807 11847 6994
3 3 6889 9821 9809
2 4 9860 11759 9823 9893
3 6 905 3906 11830 9832 6909 9850
1 4 3946 9853 9824 6927
3 5 7169 12056 1063 9865 6994
3 3 9780 9914 9875
3 4 9805 9916 12001 1205
2 5 4091 9953 10095 4001 11913
1 5 1176 7068 9979 7153 4135
3 6 1149 4194 7209 9980 1118 1041
2 4 3901 12066 9990 4159
1 6 12090 1142 9991 12010 11968 11929
3 4 1160 4163 9994 11969
3 4 1182 9998 7157 7087
2 3 7097 9999 12467
1 4 4108 4139 10023 7069
2 5 1093 10024 10109 4065 12038
2 5 856 981 11796 10041 11917
3 5 7035 10044 11937 1171 4105
3 4 7011 10073 7164 4076
2 4 7014 12052 10076 7120
3 6 1117 12007 10128 7217 7187 10125
3 6 7340 4321 1430 10152 12180 10278
1 4 1330 10154 10283 10344
3 4 1298 12162 10191 7293
1 7 4363 1400 1605 12176 10232 12232 4401
3 6 490 11682 11902 10249 6510 9467
2 4 1976 10257 4295 7256
3 8 4638 7657 10452 10275 10220 1272 1331 12170
2 6 7427 4412 10297 12255 1392 7399
1 6 4379 10309 10137 4255 1300 4334
2 5 7399 12271 4367 10313 12299
1 5 1464 1507 10330 10456 4613
2 5 3823 10343 7646 7588 6971
2 4 10837 10768 10385 8093
3 5 5223 12422 10392 8184 10946
3 5 1538 10428 9946 7574 10401
2 6 1612 7609 10474 7019 12408 5092
3 4 7630 10482 4969 10494
2 3 1459 10488 12581
3 3 10360 10513 10947
1 6 4652 10522 12302 7463 1277 12168
3 3 7872 10538 13217
3 7 7789 12174 4681 12599 10576 10705 12555
3 6 7798 1759 10637 10622 4763 12560
3 3 7891 10703 7830
3 4 7869 10707 13203 13202
3 4 1352 7834 10717 12361
1 3 7912 10734 8036
3 5 2097 12046 10876 10744 4974
2 4 8003 10800 10746 12835
3 3 4033 10764 12719
3 3 2097 10793 5098
2 3 10737 10826 12717
1 5 10777 10833 5068 12757 12812
1 3 13085 10842 12753
3 6 1064 11999 10844 12771 4138 12836
2 5 4984 10847 10866 1971 10735
2 4 5214 10849 10879 1981
2 3 10773 10889 12810
2 7 12384 9996 968 10909 1758 10281 12501
1 5 1963 10828 11249 10913 1986
2 4 5008 10934 1979 5232
2 3 5139 10948 13210
3 4 12952 10953 12349 10981
3 3 4879 10963 5189
3 3 5158 10966 12391
2 3 2159 10972 10845
3 3 7500 10985 12942
1 5 650 10992 8215 12970 5152
1 3 5128 10993 8246
3 4 5168 10939 10998 8143
3 5 5198 11006 5227 1570 7649
3 3 2209 11023 8224
1 8 188 3180 6204 6136 9032 11135 11028 3021
2 7 198 6040 11119 11098 10723 12393 7898
3 7 3171 11184 3007 9138 11114 9054 6164
3 9 6149 9172 9050 11149 9370 3264 3139 3027 381
2 8 299 329 11215 11327 11160 6120 11376 9279
3 4 3273 6320 11218 219
3 3 11221 11253 6103
3 3 13064 11261 2923
3 6 3393 13206 347 11301 11247 3392
3 3 10607 11328 12687
3 5 385 11257 11371 9255 9303
3 4 9361 11372 11343 9263
3 4 482 3474 11404 9497
3 4 564 9524 11445 11417
3 7 6338 372 9514 11496 9401 339 11225
3 3 708 11499 9517
3 5 3549 9578 553 11521 11535
3 3 3423 11547 11531
3 5 9417 11559 765 3752 3734
3 3 9574 11562 9522
3 3 599 11564 3601
3 4 624 11594 9624 6685
3 3 628 11595 599
1 4 9620 11604 11601 3641
3 4 6685 11610 9643 9608
3 4 686 11627 3670 6685
1 4 11704 4477 11645 11674
3 7 4345 7345 11662 10381 9754 6916 9708
2 6 9680 6741 11668 3760 9696 3720
3 5 6710 11669 6769 6782 11714
3 5 737 3755 11683 574 11561
3 5 740 11688 9703 6749 11707
1 4 1599 11708 12450 12320
3 7 9654 11641 11685 11714 6782 6769 11669
3 5 6613 6786 11716 9728 958
3 6 9800 3874 794 11756 9917 6866
3 4 9875 3884 11767 914
3 5 6996 11885 844 11768 11805
3 4 6923 893 11774 9930
2 6 947 11867 11778 9799 11848 4112
1 3 3980 11786 6930
3 6 940 9755 7143 10056 11810 11746
1 5 3816 9813 11821 11819 872
3 6 885 903 6936 11825 9846 9800
3 3 6875 11833 6946
3 4 949 935 11857 11887
3 3 982 11858 9809
2 4 5030 7948 11865 2030
3 3 4079 11916 1001
2 6 10041 11917 10122 12096 1119 1005
3 4 1950 12808 11934 12719
3 5 4129 1037 11935 10082 3987
3 3 1102 11943 7069
2 3 9975 11952 7150
3 7 4076 4145 1071 11910 10061 11967 9989
3 6 4073 12049 1155 11979 4161 4088
3 7 1087 1131 10105 11981 7135 4160 1070
3 4 4196 7027 11986 7071
2 7 7221 7204 11992 7175 4126 10110 11948
3 3 10028 12002 9957
2 5 3983 9878 11907 12016 1005
2 6 10024 10109 4065 12038 11956 4095
2 4 9936 4103 12089 7121
3 5 1069 1084 12093 4089 12074
2 3 989 12100 7215
3 5 5019 11950 12114 1275 7340
2 4 7342 1291 12144 12131
3 5 490 13196 12147 7364 3208
1 8 1345 4364 12268 10322 1274 1313 4320 4361
3 3 7642 12277 10135
3 8 3960 9920 1915 12301 9773 12720 3867 12791
3 6 7592 4530 4502 12308 1472 4632
3 5 1453 1643 12313 1528 12401
2 5 12416 4512 10497 12318 12476
2 5 10263 1589 10464 12330 7598
3 3 7500 12351 12364
3 6 3962 7532 10444 12352 1642 4646
3 3 1523 12361 10717
3 4 12364 12379 4573 7621
2 7 4525 7631 12432 1027 4208 7000 4190
1 4 7661 1536 12434 11704
1 7 11976 12455 2027 2095 8092 2033 12883
3 5 4029 7829 926 12456 12312
3 5 1618 6803 12778 12458 12489
3 6 3732 7462 12459 10318 12221 4287
3 5 10135 1209 12472 7654 4273
1 4 4652 8360 12488 7658
1 5 10619 12601 12526 4770 4709
3 7 12406 4864 4673 12560 4763 10622 10637
3 6 9792 12627 1738 4586 10340 4740
3 3 1814 12632 8204
3 5 1735 12681 12668 12608 10557
1 5 4856 10632 12669 10558 7803
3 3 4982 12716 1981
1 3 10826 12717 8022
3 3 2089 12726 7977
3 5 4950 10872 12080 12743 12829
3 5 5037 4981 7934 12758 5027
3 3 12874 12762 12817
2 4 1995 10789 12769 10737
3 4 1927 12782 6987 5061
3 3 8096 12787 12785
3 6 12301 9773 12720 3867 12791 10740
3 3 5045 12794 7983
3 4 1914 12887 12800 10877
1 3 10738 12804 12873
3 5 10769 2060 12811 2104 12897
2 3 3165 12824 6008
3 4 12743 12829 1103 4064
3 3 4989 12834 12747
3 5 10844 12771 4138 12836 4961
3 3 1951 12843 13212
3 4 7930 7954 12851 8071
1 5 1963 10828 12780 12863 7982
3 3 1900 12867 4904
3 4 2086 12868 2032 10729
2 6 10737 10852 12877 7448 10476 4893
3 3 4611 12878 13087
3 3 2046 12881 12806
3 4 12828 10906 12885 4934
2 5 9960 7149 12888 10059 13077
2 5 5117 12945 12896 4128 7716
2 3 2180 12908 12950
2 5 10924 2160 12916 5165 10973
3 3 4776 12932 4791
3 3 2209 12943 10986
1 3 10845 12967 5180
3 4 12935 2120 12971 2180
3 5 2218 12923 12977 7636 5186
1 4 8199 5190 12983 12997
3 4 12958 12985 8202 12391
3 6 10980 8190 12996 2153 10999 8196
3 4 1399 1515 13037 4646
3 3 3184 13060 6085
3 3 4455 13062 5264
2 4 7958 12018 13074 10045
2 3 5052 13089 2051
3 2 14 6115
3 4 17 9532 11558 9546
2 9 22 3016 76 9128 11169 203 11115 3193 11125
3 9 22 3016 2995 9089 11104 9064 6092 9116 9140
3 4 35 9185 9209 6164
3 6 117 71 6035 6086 9111 9177
3 4 121 252 3240 9356
3 3 121 3220 3190
1 4 158 11081 11164 11125
2 5 158 120 82 9233 11079
2 7 158 11121 195 66 3172 11065 3122
2 6 158 6212 9106 11199 9104 11076
3 8 166 6017 89 138 26 11137 140 9248
3 5 166 60 9082 3084 11159
3 10 186 3102 9232 6133 9065 3167 3066 175 3004 6149
3 3 265 6342 9483
3 3 265 9374 9438
3 3 279 3381 17
3 2 281 3288
2 2 299 211
3 4 300 9261 6252 3335
3 3 300 9411 9355
3 5 306 3362 6387 9382 11254
3 3 306 223 6354
3 4 306 11290 11220 11241
3 2 317 11251
3 3 321 11276 11219
3 5 333 6245 11250 3358 9302
3 4 333 3176 11154 9177
3 2 333 3215
3 4 351 11270 11317 11297
3 2 362 3380
3 2 362 9263
3 3 377 6378 3369
3 9 381 7359 12203 6162 189 123 12175 12587 4314
3 4 381 305 11320 6278
3 3 382 246 300
3 4 382 11300 11369 11254
2 2 383 6331
2 2 383 3307
3 2 385 337
3 2 391 68
3 3 391 3314 6336
3 4 392 9338 6302 6226
3 6 392 3382 11319 6404 339 11225
3 3 400 13206 3393
3 7 413 9448 6553 3504 437 3431 6566
3 5 413 9448 9339 11323 11351
3 3 417 11413 442
3 5 441 9568 489 6532 3480
3 2 441 550
3 3 476 11464 550
3 2 476 6429
3 3 482 13116 11417
3 4 488 9491 6495 11504
3 5 488 458 409 6597 3575
3 3 492 7422 4622
3 3 492 7640 12325
3 3 492 4756 7480
3 2 495 6535
3 3 495 9443 11533
3 7 499 3490 9487 3467 6551 11473 9526
3 11 499 9447 6430 470 6588 3515 6523 9469 11455 6615 9453
3 4 502 6530 6554 418
3 3 502 3466 6474
3 4 502 3479 6505 9461
3 3 514 6559 11432
3 2 516 6598
3 2 516 3516
3 4 525 11557 6458 3480
3 3 525 3543 550
3 4 525 3494 11454 488
3 4 537 6236 388 6558
3 3 552 6595 9535
3 4 564 11431 9509 405
3 2 564 11533
3 2 587 9522
3 2 587 3444
3 2 587 6469
3 3 590 769 3754
3 2 596 11581
2 5 610 781 768 9697 9713
3 3 620 3626 6651
3 3 620 9751 3771
3 2 624 9595
3 3 629 11582 3598
1 3 654 11599 11617
1 2 663 9638
1 3 663 11623 6680
2 3 670 11609 1530
1 4 673 9636 6678 6680
1 4 673 11634 3675 688
1 3 673 11618 9630
2 2 678 9638
3 2 686 9661
3 2 687 3701
2 4 688 3675 3674 3673
2 3 688 6708 9665
3 3 692 11653 6725
3 4 693 3694 676 11639
3 3 708 3705 692
3 2 708 6540
3 3 718 715 3712
3 4 724 889 9787 6996
3 2 733 3712
3 2 733 3732
3 4 740 13233 3735 3902
3 5 748 11696 735 11681 3720
3 4 758 6955 9689 6734
3 6 758 3761 6764 9719 13218 11707
3 3 773 3776 9752
3 4 773 3776 603 3604
3 2 776 3780
2 3 778 9745 6780
3 4 782 9924 967 925
3 3 782 11889 9907
1 2 814 900
3 3 819 11803 883
3 3 829 10774 7953
2 3 829 10774 1922
3 2 831 4601
3 5 853 7747 4796 1972 12552
3 2 853 3834
2 3 853 1793 12765
3 3 858 13229 9778
3 5 858 13224 6914 9757 11742
3 6 858 13224 6914 9757 942 832
3 5 870 11637 691 11656 6710
2 3 872 6836 6812
1 3 900 12043 10068
3 3 925 9838 6831
3 3 936 3844 3973
3 4 940 11792 6925 11747
3 4 940 3788 1122 1005
2 2 947 856
3 5 949 3908 6982 6952 6814
3 3 951 873 6846
3 2 951 3957
1 4 957 11879 6944 898
1 11 957 6989 11750 6684 664 6686 11643 1504 725 753 3753
3 2 969 773
3 3 974 11856 9875
3 2 974 936
2 4 979 11883 11866 3905
2 2 989 4116
3 3 1001 4148 1146
3 5 1001 4005 4123 4082 4031
2 3 1010 9939 1474
3 3 1010 4431 6999
2 3 1010 11972 12705
2 5 1010 4325 10616 4532 1884
3 10 1041 4047 10046 10117 12088 4057 1198 1127 4120 11954
3 2 1041 7194
2 4 1047 7152 1187 1087
2 4 1047 12095 10080 12014
1 3 1048 13228 4135
3 3 1064 12071 1151
3 3 1064 7156 5069
3 5 1069 7160 9987 11933 7129
3 3 1069 10102 12074
2 6 1069 7189 11980 11944 4137 10068
3 2 1086 4206
2 2 1087 4152
3 2 1092 10052
3 3 1093 9903 832
3 2 1110 7172
3 7 1110 11961 10012 4070 9944 11920 12059
3 7 1110 11961 10012 4070 9972 11947 1055
2 2 1145 4146
3 4 1145 11939 7166 4046
2 3 1145 4131 13077
2 2 1146 11913
3 2 1151 10028
2 3 1168 4013 1055
2 2 1176 4095
1 2 1176 10063
3 2 1182 4100
3 2 1201 4206
3 7 1224 4269 1293 12188 1379 1407 4241
2 2 1262 7718
3 5 1278 1305 4354 12270 12298
1 3 1316 4335 2170
1 5 1319 7446 10346 1383 10776
1 4 1345 1373 12212 10225
3 3 1349 12269 12182
3 3 1352 7892 4740
3 4 1352 1753 10532 4871
3 5 1355 4358 1339 13001 12190
3 2 1356 12149
3 6 1369 12515 4803 1794 10546 1797
3 6 1369 1685 10580 10712 10639 4724
3 3 1369 12528 4800
3 5 1387 4209 1294 1694 1391
3 6 1387 4824 4754 1880 7733 12700
3 6 1391 1229 12285 12115 1303 12170
3 4 1391 7741 7874 4780
3 8 1391 7741 12619 1309 4670 12616 10202 1797
3 8 1391 7741 12619 1309 4670 4685 7708 4661
3 6 1403 12125 7295 1315 1385 12292
3 3 1408 4413 7853
3 4 1408 4428 10157 7315
3 2 1424 4432
3 2 1426 3208
3 3 1453 10449 4565
3 4 1459 11687 4629 7775
3 3 1459 10148 10366
1 4 1464 12332 1390 1520
1 3 1464 7516 12360
2 2 1468 1494
3 2 1473 3181
2 3 1474 10822 4896
3 4 1479 12471 4581 4638
3 4 1479 4618 4499 1554
3 3 1479 1614 10435
1 3 1492 7562 1170
3 3 1493 12491 8099
3 4 1493 7618 10414 4482
3 4 1493 7635 7563 7477
2 2 1494 8178
3 2 1519 4538
3 4 1523 4569 4449 4540
3 3 1523 10457 12497
3 2 1527 12497
3 2 1529 1542
3 2 1529 10405
3 2 1529 12466
1 3 1530 9626 654
3 2 1554 7775
3 4 1554 1623 1573 7639
3 5 1562 12374 7986 8115 853
3 2 1562 12461
3 3 1568 12394 10418
3 2 1580 12519
3 2 1580 12940
3 2 1580 13217
1 3 1581 10486 12335
2 5 1591 10146 4773 12583 1825
3 3 1591 10547 10619
1 5 1591 1840 1703 4682 8086
3 3 1595 10448 11621
3 3 1595 9796 831
3 4 1595 7551 9653 9654
3 4 1595 9796 9810 870
1 2 1599 1530
1 4 1599 12309 4605 11674
2 3 1603 7508 7459
3 3 1603 6932 1575
2 2 1603 5092
1 4 1607 7603 2061 1170
1 7 1607 7603 4175 7974 4568 12433 4613
3 4 1612 12086 7434 7101
3 2 1626 1641
3 2 1626 4575
3 3 1637 12035 10358
3 5 1655 4508 1604 954 7831
3 3 1655 720 12497
3 4 1655 4437 9653 9654
3 3 1657 7893 1356
3 3 1657 4666 3208
3 3 1657 6740 490
3 3 1672 7786 4677
2 5 1672 7860 12507 4862 4801
3 2 1678 7458
2 3 1714 4878 10641
3 2 1722 6085
3 2 1722 3184
2 3 1731 1929 12907
2 3 1731 10858 7161
3 4 1735 4703 10628 10631
2 2 1745 10589
2 2 1745 1722
3 3 1747 7745 4749
2 4 1795 10714 1748 7844
3 4 1795 4726 4798 1878
2 3 1822 4943 9816
1 5 1825 10408 1483 2058 12581
3 4 1827 12642 12570 4871
3 3 1827 7780 4723
3 5 1836 7862 12620 10569 10595
3 2 1836 3750
3 2 1836 10709
2 4 1838 7732 12656 4709
3 4 1848 12145 4790 1873
3 3 1848 12685 10709
3 5 1851 7760 10587 4839 3750
3 3 1866 6752 10618
3 4 1866 1719 12550 1734
3 3 1867 10719 10618
3 3 1873 4875 11571
3 2 1883 3181
1 3 1884 4192 1319
3 3 1896 12793 4901
3 3 1896 4755 1636
3 3 1896 12861 1822
3 4 1896 12793 4553 10523
3 2 1900 12753
3 4 1908 2054 7905 10807
2 3 1914 4918 2040
3 2 1914 10795
2 2 1928 4934
2 2 1928 5008
3 3 1939 10962 11145
3 3 1939 6020 10761
3 2 1951 12785
3 2 1951 10919
3 3 1963 10873 10890
2 2 1965 10832
2 2 1965 7913
3 2 1969 1891
3 2 1975 12707
2 3 1976 7301 5092
3 4 1977 10902 7989 2046
2 2 1984 2040
3 2 1984 7944
2 2 1984 5097
2 2 1986 2070
3 2 1988 13092
3 2 1993 13211
1 2 1993 11194
2 3 1995 2078 5064
3 2 2001 13212
1 4 2010 8068 10911 8042
2 2 2011 7913
3 3 2013 12316 10383
3 4 2013 901 1938 10106
3 4 2015 7790 5016 8042
3 4 2017 1948 2101 5075
3 4 2017 1948 4949 5064
2 3 2023 12703 1937
2 3 2023 4969 10494
1 2 2026 5067
1 3 2026 12756 1922
3 5 2028 2099 10750 4536 12815
3 4 2028 7971 12820 1838
3 4 2028 10770 10899 7803
3 2 2029 12821
3 2 2029 13079
3 2 2030 8026
3 2 2038 2094
3 2 2043 4567
3 2 2044 7930
2 3 2045 1367 8026
3 2 2050 12731
3 3 2051 8032 5066
3 4 2070 12895 2062 2017
2 3 2070 13082 4891
3 2 2070 5075
1 2 2080 9137
3 2 2086 4915
3 2 2088 5017
3 2 2088 2046
2 2 2089 8085
2 2 2089 7953
3 2 2094 7959
3 2 2096 8223
3 2 2096 10859
3 2 2100 12802
3 2 2106 12922
3 2 2123 2202
3 2 2126 12981
3 2 2126 12391
3 4 2150 2228 2132 5107
2 2 2150 5153
3 2 2152 2173
3 2 2152 12901
3 2 2152 12922
3 2 2159 2180
3 2 2164 8227
3 2 2173 12964
2 2 2184 2170
2 3 2184 10266 12252
2 3 2184 12110 7296
2 2 2192 12975
3 2 2196 8205
3 2 2196 8182
2 2 2200 8246
3 2 2209 12922
3 2 2209 10973
2 2 2210 13086
3 4 2211 2203 5195 2197
3 3 2220 8144 2176
1 3 2225 5202 2210
3 2 2227 10933
3 4 2227 10989 7561 2164
3 5 2227 10989 12961 10345 8227
3 2 2407 7766
3 2 2407 13075
2 3 3010 515 6726
2 2 3010 7766
2 7 3021 3136 3128 77 9182 6093 156
1 12 3021 6042 133 3105 202 3191 113 6129 3162 11052 3039 11148
1 6 3022 9139 11206 11113 6042 3021
3 2 3060 3151
3 6 3083 6066 169 3117 11126 3122
3 4 3140 9060 11048 9177
3 4 3151 6174 6197 117
3 4 3152 567 83 185
2 4 3152 567 83 3174
3 10 3164 9222 3099 143 3056 62 164 11099 9122 121
3 5 3164 9222 9043 3135 6180
2 5 3171 11151 171 6310 383
3 4 3174 11291 9317 9240
3 4 3190 97 6077 6180
3 4 3215 11326 366 9302
3 3 3258 3367 11219
3 2 3258 3312
3 2 3262 6598
3 3 3272 6407 281
3 3 3272 6281 400
3 3 3295 3230 6259
3 2 3295 279
3 3 3320 327 6296
3 2 3320 6413
3 4 3330 6424 566 9526
3 8 3338 3075 3065 183 11074 6091 11086 3164
3 3 3338 9041 6105
3 4 3338 312 3168 9248
3 4 3353 9322 296 11221
3 4 3379 3329 276 385
3 2 3380 3295
3 3 3380 6402 6332
3 5 3392 3256 6306 3309 9304
3 3 3393 3366 6413
3 3 3422 3463 540
3 3 3423 11494 529
3 2 3444 6469
3 7 3480 9506 6589 238 343 3364 3335
3 2 3488 9522
3 3 3488 11407 9418
3 2 3495 3509
3 2 3498 736
3 3 3500 9524 564
3 2 3500 482
3 4 3509 11463 9492 3671
3 3 3513 4328 12281
3 7 3513 4328 528 11495 505 3644 610
3 2 3516 11519
3 2 3516 9536
3 3 3521 9544 3392
3 2 3522 11359
3 6 3529 498 11447 9442 11416 6794
3 2 3544 6259
3 3 3544 12562 3521
3 3 3549 9523 11506
3 3 3549 3534 3509
3 4 3549 9578 6599 11535
3 3 3552 3758 6536
3 4 3569 557 9539 9692
3 5 3575 6597 11546 574 11561
3 4 3578 11523 11460 499
3 4 3580 9260 9328 9355
3 5 3598 6792 11720 9717 6759
3 2 3598 620
3 2 3601 591
3 2 3604 9582
3 3 3604 9598 6631
3 4 3605 6625 4270 4345
3 2 3630 9771
3 5 3645 637 3639 660 3663
3 3 3645 6652 3630
3 4 3650 641 9590 6613
3 3 3652 817 3650
3 2 3652 9642
3 3 3663 9651 11636
3 3 3671 11596 629
3 2 3696 11659
3 3 3696 696 693
3 3 3701 6727 11670
3 3 3707 565 6600
3 3 3713 730 11659
3 3 3713 699 11644
3 6 3734 6768 6781 9742 9688 748
3 3 3734 6755 750
3 2 3734 3720
3 2 3750 1747
3 7 3753 753 3756 739 12189 4805 12261
3 9 3753 753 3756 7266 3963 12136 4290 9659 10577
3 12 3753 753 3756 7266 3963 12136 1343 7249 4841 7868 1742 855
3 3 3754 11709 6962
3 3 3763 749 11654
3 4 3768 762 11713 958
3 3 3771 6773 3754
3 3 3775 6607 9585
3 5 3775 6797 9580 11567 3605
3 2 3775 3763
3 3 3780 6790 9752
3 2 3780 969
3 3 3796 3819 6814
3 2 3823 6846
3 5 3834 7920 10914 1972 12552
3 2 3834 8012
3 5 3840 986 6881 11859 9814
2 3 3840 6861 6876
3 2 3846 6933
3 2 3854 9962
2 3 3854 4171 10932
3 5 3870 921 6977 9777 3950
3 2 3878 859
3 3 3878 9847 9850
3 4 3882 907 935 949
3 3 3882 3865 974
3 3 3897 862 11817
3 2 3897 6717
3 4 3897 891 3863 6882
3 4 3902 6903 6878 3816
3 4 3918 918 9846 9800
3 5 3918 920 877 6941 724
3 3 3924 11816 6889
3 2 3938 858
3 4 3938 9767 6993 9785
3 3 3950 6919 11797
2 3 3950 6965 9860
3 3 3962 9859 6994
3 6 3962 7532 10444 10512 7595 4646
3 2 3976 6973
2 3 3980 3914 9805
3 2 3984 3939
3 3 3992 9984 7172
3 3 4031 1029 7200
2 2 4032 4190
2 4 4032 10022 9969 10068
3 2 4045 5055
3 3 4045 2036 10807
3 2 4045 12137
3 5 4046 10078 12051 7081 1160
2 4 4046 10078 12051 11953
2 2 4046 13077
3 4 4052 7171 7070 12040
3 4 4052 9790 912 11835
3 3 4052 10065 7155
3 2 4056 7121
3 4 4100 7016 4118 1024
3 4 4102 11949 12006 11925
2 2 4105 7120
3 2 4109 1109
3 3 4109 3988 7096
3 2 4111 4550
3 2 4111 11919
2 3 4116 4150 10045
3 3 4129 10026 7005
3 3 4143 7188 7030
3 2 4143 1068
2 3 4144 4058 12062
3 4 4144 7074 10421 4538
1 4 4146 7040 12020 10045
2 3 4146 1128 9960
2 2 4156 4183
3 2 4168 12054
3 5 4168 11783 3925 11841 3823
3 2 4178 7096
3 5 4196 4169 10069 4099 1055
3 5 4228 1311 1340 4373 1224
3 2 4229 12592
3 4 4245 4062 4104 1538
3 3 4245 12050 9935
3 2 4245 10077
3 5 4261 10224 10196 12198 12170
3 5 4312 1337 4371 7236 12131
3 3 4315 12146 1412
3 3 4315 12275 7447
1 6 4329 7362 4317 10974 4418 12237
3 9 4333 4232 10239 4281 7326 7383 4337 1303 12170
3 3 4333 7407 7335
3 3 4345 4417 10230
2 4 4396 2117 7424 2170
2 6 4396 8091 10269 1335 12171 10212
2 2 4410 10801
3 2 4440 8101
3 2 4455 12592
3 3 4464 7668 7480
2 4 4482 7560 4958 4893
3 3 4515 1516 12795
2 2 4515 12677
2 3 4515 1817 12907
3 3 4515 1817 10594
3 3 4516 4544 1637
2 4 4516 10361 10878 4987
3 3 4516 10361 7537
2 5 4525 10424 7048 4612 11752
2 2 4538 12062
3 2 4540 10586
3 3 4550 10087 1088
3 3 4550 12442 10383
2 8 4561 1499 11903 12478 10426 7633 3881 814
3 2 4561 4506
3 7 4561 4633 4503 4572 1567 3932 6947
3 3 4565 12429 4622
3 2 4565 10410
3 3 4565 4650 4464
2 2 4580 10837
2 4 4585 12449 1650 10344
1 3 4585 12449 7034
2 2 4585 1607
3 3 4601 1445 9727
1 3 4609 4637 4580
2 3 4609 4553 10523
1 5 4613 7075 4339 12332 1464
2 6 4622 1587 12735 12803 9996 12384
3 8 4661 12594 4867 12635 7784 10680 12529 10619
3 3 4661 12613 1797
3 6 4661 7350 1287 10292 7407 7335
3 3 4669 13076 198
3 5 4677 7725 10559 4832 7785
2 4 4677 4792 10708 10578
2 5 4709 10545 7792 12864 1943
2 5 4714 7737 12671 4704 1838
3 3 4714 4849 1774
3 2 4723 4794
3 4 4733 10635 12615 12555
3 2 4733 4859
3 3 4733 1729 7809
2 3 4737 7828 1735
3 3 4740 11802 10798
2 2 4741 1851
3 2 4744 5264
3 4 4785 10544 7744 4724
3 3 4785 7707 7805
3 3 4785 12655 12555
3 2 4794 4749
3 8 4797 12540 10661 10562 7713 4818 12691 4724
3 8 4797 1762 4837 10528 7835 1696 7860 1672
3 6 4797 10543 1810 7703 12610 10627
2 6 4797 7838 1829 1707 10524 4737
2 4 4799 7879 12573 10662
2 3 4799 11814 12765
3 5 4800 1779 1794 10546 1797
3 6 4800 4781 12509 7843 12695 10669
3 5 4800 1702 7819 1676 10627
3 6 4800 10531 10713 4751 10539 1774
2 2 4822 10697
2 2 4851 2151
3 2 4851 1874
3 2 4851 12963
1 2 4865 10662
3 4 4872 4426 4875 11571
3 2 4872 12688
3 2 4872 1873
3 3 4879 10957 8136
3 2 4879 2207
3 2 4879 2229
3 4 4883 4557 12420 10401
3 3 4883 10030 7430
3 2 4887 10832
2 2 4889 8109
2 2 4889 7978
2 3 4893 12871 2017
1 4 4893 8053 12788 1995
2 2 4901 4609
3 3 4915 5086 12137
3 2 4915 10807
3 2 4920 8111
3 2 4925 8026
3 2 4941 2220
3 2 4942 5000
2 2 4942 10855
3 2 4942 8024
3 2 4948 12710
3 2 4950 4883
3 2 4957 8008
3 2 4971 1908
3 2 4972 1969
3 2 4972 5028
3 6 4974 5058 12749 10850 1955 12702
3 6 4975 12684 2102 12624 7762 10798
3 2 4975 12552
3 2 4982 12828
3 2 4984 1908
3 2 4984 12718
3 3 4984 12886 4064
3 2 4989 7972
2 2 4995 12812
3 3 5005 5089 10797
3 3 5005 5089 8117
2 2 5008 5214
1 2 5010 8036
3 2 5013 8096
3 2 5013 7983
3 3 5019 12226 10324
3 2 5021 7913
3 3 5029 1957 5073
2 3 5029 2000 4893
3 3 5029 7491 8099
3 4 5030 10757 7434 7101
2 3 5030 12414 4896
3 2 5034 12710
2 2 5037 12883
3 3 5037 1923 8073
3 3 5037 2090 8060
3 2 5039 5070
3 2 5039 2094
3 2 5045 8008
3 2 5047 5017
2 2 5050 1922
2 2 5050 8040
3 2 5055 12786
3 2 5061 10769
3 2 5064 5105
3 2 5066 10832
2 3 5067 8074 1963
3 2 5069 1977
2 3 5075 8013 8098
2 2 5083 5214
2 3 5083 12919 8254
1 2 5097 5041
1 2 5097 5010
1 2 5098 9816
3 2 5098 829
3 3 5098 12773 5050
2 6 5105 7847 4990 7903 10139 8007
2 2 5105 8098
2 3 5106 5217 10525
3 4 5107 8179 2175 10933
2 3 5117 12925 10968
1 2 5120 2156
1 4 5121 12920 2199 12306
2 2 5131 13086
2 2 5131 10952
2 2 5131 2174
2 2 5139 8207
2 4 5151 5204 10984 5153
2 2 5151 8129
3 2 5152 5184
3 2 5152 2158
3 3 5153 2178 5107
2 4 5153 10984 5204 8129
2 2 5153 2164
3 2 5158 12958
3 2 5158 12981
2 2 5177 2151
3 2 5177 5212
3 3 5178 4587 2109
3 2 5178 12466
1 3 5179 12930 2174
1 3 5179 10938 10924
1 2 5180 10932
2 2 5180 2176
3 3 5184 5219 11021
3 2 5189 5203
2 2 5189 4528
2 2 5196 2206
3 2 5199 2216
2 2 5199 12677
3 2 5199 7872
3 3 5200 12951 8224
3 6 5207 10937 12311 1478 4487 7481
3 2 5213 2106
3 2 5213 10986
2 2 5220 2150
3 2 5221 12950
1 3 5230 13195 13086
1 3 5230 13195 10952
2 2 5231 10697
2 2 5232 8175
2 2 6039 2080
2 2 6039 7978
3 3 6103 507 11446
3 5 6105 9099 3147 10207 105
3 2 6115 3171
2 3 6115 11078 3021
3 5 6132 9220 6161 6083 9108
3 3 6151 9174 14
3 5 6164 3063 3375 3286 6331
2 6 6175 9119 11096 134 170 94
3 7 6175 9119 11096 6096 11175 11212 11094
3 5 6180 11027 135 12 6149
3 6 6181 3121 11181 9158 9074 6175
3 2 6218 6377
3 3 6218 9238 11359
3 5 6218 9264 9294 11305 321
3 7 6226 9365 9391 365 497 3486 3330
3 3 6235 3341 3277
3 3 6247 6135 3190
3 8 6247 6135 9257 11239 9033 135 12 6149
3 6 6248 9409 11335 11308 6450 3578
3 5 6262 3292 11242 9411 9355
3 5 6262 6315 9313 9330 11379
3 3 6270 6221 9239
3 2 6270 11279
3 6 6278 7403 7431 6285 291 1278
3 4 6280 560 3496 474
3 2 6282 3312
3 2 6282 537
3 2 6296 3272
3 3 6296 9357 9438
3 2 6300 9383
3 2 6314 3288
3 3 6332 11265 3288
3 3 6332 11245 6375
3 7 6338 260 404 3394 3294 11320 6278
2 2 6349 3326
3 2 6354 9289
3 3 6354 11220 11241
3 5 6354 11271 6233 6344 9288
3 5 6375 9346 6347 6321 6259
3 5 6375 9398 266 3384 281
3 3 6377 3395 405
3 3 6380 11282 9302
3 4 6380 6283 9278 9356
3 6 6380 6414 9348 6290 6396 6262
3 5 6380 6414 6348 3377 382
3 3 6389 6257 9320
3 2 6389 317
3 3 6413 6359 9304
3 2 6446 11483
3 3 6464 13205 9427
3 3 6464 13205 9412
3 2 6469 495
3 4 6474 6493 9430 9417
3 2 6488 9486
3 2 6488 589
3 2 6496 3262
3 2 6496 11456
3 2 6499 442
3 3 6504 3476 11420
3 2 6504 11606
3 4 6521 3499 9456 3522
3 3 6521 11444 3312
3 3 6524 538 6582
3 2 6524 3500
3 3 6535 9509 405
3 3 6536 9510 11465
3 3 6536 9510 9495
3 2 6540 3299
3 2 6542 11486
3 2 6550 4112
3 3 6555 9557 11417
3 2 6558 17
3 2 6568 589
3 2 6568 6555
3 3 6568 3530 6542
2 2 6573 9537
1 3 6573 6586 11691
2 4 6573 3581 3410 417
2 5 6573 6586 6604 466 6499
3 2 6583 11435
3 2 6583 9559
3 2 6583 9418
3 2 6596 11700
3 3 6598 13068 9574
3 3 6600 9423 476
3 2 6606 782
3 3 6613 780 3768
3 2 6626 599
1 2 6642 6997
1 4 6642 1467 1610 11704
2 3 6656 656 9630
3 2 6656 628
3 4 6657 9597 11565 9737
3 3 6657 655 629
3 2 6677 657
3 2 6679 11639
3 3 6679 11605 3645
3 3 6685 3680 11625
3 2 6696 6974
3 3 6700 11646 11644
3 3 6700 9621 3617
3 3 6706 3704 3701
3 3 6706 3724 3707
3 2 6711 693
2 4 6711 6714 11676 9704
3 5 6717 11650 11680 9664 11654
3 2 6717 9708
3 3 6725 9515 3299
3 3 6725 6708 9665
3 3 6726 10684 10552
3 2 6726 3498
3 3 6732 715 718
3 3 6732 3906 905
3 3 6734 11673 9817
2 3 6759 3740 11697
3 2 6766 11702
3 4 6766 943 6917 3946
3 4 6766 3749 929 6759
2 4 6766 3749 11699 11697
3 3 6780 770 3772
3 3 6780 3782 776
3 2 6788 6973
3 2 6788 3772
3 4 6794 6765 11727 748
3 3 6814 9888 9902
3 4 6831 3966 6939 883
3 2 6845 11900
3 3 6845 3863 6882
3 4 6857 9818 3937 6923
3 3 6857 935 949
3 4 6866 9839 3969 6996
2 5 6876 4518 9911 9855 9814
3 2 6882 3878
3 3 6890 4442 11800
3 3 6923 6952 6814
3 3 6933 9765 6880
3 2 6935 1636
3 3 6935 864 12476
3 2 6973 6946
3 3 6974 12670 12501
2 2 6997 1636
3 3 6999 7240 8026
3 3 6999 7240 2030
2 2 6999 12705
3 5 7005 11957 12039 1189 1149
3 2 7011 12004
2 2 7021 9936
3 2 7030 10028
3 2 7035 7637
3 2 7072 11960
3 2 7072 12031
3 2 7088 8223
3 3 7097 13143 4156
3 3 7097 10517 7101
3 3 7105 1184 12074
3 3 7110 4164 11925
2 2 7125 12040
2 3 7125 10036 9936
2 3 7125 10036 7021
3 2 7132 4116
2 4 7137 7650 1597 4152
1 5 7137 4077 10459 4085 1884
1 8 7137 4077 10459 1625 1653 4501 1383 10776
3 4 7151 4574 4591 11976
3 4 7151 4574 1544 4440
2 2 7161 4941
3 2 7169 1024
2 3 7172 7199 4183
2 3 7173 4154 7958
3 3 7183 4080 9815
2 2 7183 1048
3 2 7185 7782
2 2 7191 7120
3 3 7200 1029 9971
3 2 7202 10029
3 2 7203 12857
3 3 7203 5046 4920
3 3 7256 12767 8026
3 4 7306 10478 10393 1527
3 4 7306 11971 4807 1866
3 5 7306 11971 4691 7536 1867
3 5 7315 12214 10327 4747 10687
3 4 7315 7386 10271 3513
2 3 7329 1279 12131
3 5 7340 4321 4365 10296 10756
3 3 7344 7260 4219
3 3 7363 10274 7447
3 4 7363 8067 10808 8011
2 4 7371 7387 10285 4396
2 6 7375 4372 12626 206 7403 6278
2 8 7375 12216 361 3280 7320 12287 1233 9292
2 6 7375 1336 6025 12527 10216 10716
2 10 7375 1336 6025 3127 12187 4802 7824 1744 4774 3169
3 2 7394 11237
1 4 7399 1348 12199 7329
1 3 7408 1427 12122
3 2 7430 10311
1 3 7432 10317 4223
3 3 7447 1238 1321
3 4 7458 7539 10393 1527
3 4 7458 12418 11788 12646
3 2 7458 7306
2 2 7459 7580
2 3 7476 12923 2218
3 3 7476 8210 12479
3 2 7500 8208
3 3 7500 5163 10975
3 4 7500 5163 2172 5213
3 5 7520 10388 4478 4453 7649
3 4 7537 7593 4644 10077
3 2 7552 1453
2 4 7554 6436 4534 1530
3 4 7564 7535 4530 7592
3 2 7580 9934
3 3 7589 4570 8196
3 4 7589 8226 12334 10980
3 3 7589 8148 7476
3 3 7598 4308 12358
2 2 7602 8093
1 2 7602 10351
2 4 7602 12359 1593 7477
3 2 7617 7630
3 4 7624 4463 9645 7554
3 2 7637 4619
2 4 7639 12722 12239 12218
3 4 7639 1632 10742 4482
3 2 7642 10135
3 3 7649 12451 7592
2 4 7656 10364 12012 7459
3 3 7656 4114 4144
3 2 7656 10098
3 4 7658 10509 1648 4652
3 6 7669 4415 10316 10518 4462 7481
3 2 7696 2407
3 2 7696 7830
3 3 7716 9986 12795
2 3 7716 2024 1731
3 2 7718 10552
3 3 7763 12657 10678
3 6 7763 4725 10655 7801 12678 12261
3 3 7766 7858 7830
3 4 7775 4629 11687 12430
3 4 7782 12636 4218 12688
2 3 7785 7691 7844
3 9 7789 12536 4866 7274 7825 1860 1733 12679 10696
3 4 7789 4789 12631 1369
3 4 7789 7861 1674 12510
3 3 7798 7811 4791
3 5 7802 12523 4782 7744 4724
3 3 7802 4808 1735
3 2 7831 10586
3 4 7837 12672 4817 12602
3 3 7837 1757 7809
1 2 7842 2151
2 3 7844 1845 10678
2 3 7853 4343 12578
3 2 7872 1874
3 2 7891 7830
2 2 7898 4314
3 6 7899 4775 10718 777 602 12582
3 3 7899 6767 1734
2 7 7940 8018 1882 10817 10787 1257 2045
1 5 7940 12899 8037 10755 2010
2 4 7940 4914 10315 1943
2 2 7944 5041
3 2 7953 5005
2 2 7953 1922
3 2 7958 4933
3 2 7972 2100
3 2 7972 4948
1 4 7980 12714 12757 12812
2 2 7980 10777
1 2 7982 1986
3 2 7992 5034
3 2 7993 5000
2 3 7993 1887 5026
2 2 8007 10843
3 2 8008 5070
3 3 8011 8100 1412
3 2 8015 2100
3 3 8024 4892 5000
3 3 8030 4976 2029
3 4 8030 12768 12894 13079
2 3 8036 10775 4995
2 3 8040 8125 10523
1 2 8040 1982
3 2 8043 4985
2 2 8043 5041
2 2 8048 1950
2 2 8050 5083
3 4 8060 8004 10892 5027
3 3 8060 10870 8030
1 2 8062 4995
1 3 8062 8133 12927
3 2 8071 7983
3 3 8071 10836 2001
3 3 8073 5006 8030
3 3 8085 1955 12702
1 3 8086 10885 1943
1 2 8086 8042
3 5 8087 1317 4365 4321 7340
3 2 8087 10324
3 3 8093 12748 5073
1 2 8098 10735
3 3 8101 10901 4974
3 4 8101 10901 7970 5027
3 2 8109 5028
1 2 8109 11194
3 2 8113 8024
3 2 8117 10797
3 5 8119 7964 12859 1892 12461
2 4 8129 5174 2190 2218
3 2 8136 12519
2 2 8140 2218
3 2 8143 10946
2 3 8175 2147 12939
3 2 8178 7900
3 2 8182 12944
1 3 8183 5224 2206
3 3 8187 10943 12453
3 2 8187 8238
2 2 8193 5117
2 2 8193 2192
3 2 8201 2202
1 3 8205 12911 2206
2 2 8207 13210
2 2 8207 12975
3 2 8208 5184
3 2 8214 10525
3 2 8214 2213
3 2 8214 12940
3 2 8216 5143
3 2 8219 12981
3 2 8223 12929
3 2 8223 11145
3 3 8224 4587 2109
1 3 8229 2215 11021
3 2 8238 11007
3 2 8238 4575
3 2 8239 2109
3 3 8239 5156 1529
3 2 8239 8181
3 2 8245 5177
3 2 8245 7900
3 2 8248 8219
3 2 8248 5158
3 3 8249 12918 12910
2 3 8254 12965 5232
2 2 8254 8185
3 2 8461 4669
2 5 9108 6165 6125 9147 11125
3 3 9120 9408 11202
1 2 9137 11194
1 2 9137 7978
3 7 9151 205 130 9088 182 3113 6132
2 4 9151 205 11129 11148
3 2 9152 3181
3 2 9152 1883
3 2 9152 13211
3 3 9206 9100 3060
3 10 9206 11162 3050 6150 3187 6052 9176 9078 2994 11159
3 2 9224 13065
3 2 9224 6085
3 2 9239 6103
3 3 9239 11471 3369
3 3 9279 6345 6287
3 5 9279 6345 9362 6412 3307
3 7 9288 9342 11229 315 343 3364 3335
3 4 9288 546 3568 3480
3 5 9292 7285 12584 12106 1387
3 6 9292 12157 7401 10256 4215 4261
3 2 9297 6270
3 2 9297 3301
3 4 9302 401 335 11254
3 3 9304 11341 6280
3 3 9320 6298 6218
3 2 9320 11331
3 3 9320 11305 321
3 2 9335 6336
3 2 9335 9309
3 2 9340 265
3 2 9340 9240
3 4 9347 6325 6298 6218
3 2 9347 9320
3 8 9355 11368 11214 384 356 3318 6341 413
3 4 9356 3240 346 6247
3 8 9356 378 9311 3202 6362 9360 6299 11375
3 2 9383 3273
3 2 9392 9383
3 3 9417 11434 9461
3 3 9427 11413 442
3 2 9431 6598
3 2 9431 3262
3 3 9434 9578 3549
3 3 9450 6713 9654
3 2 9450 12312
3 5 9453 642 475 3593 11701
3 5 9453 7322 12254 7370 10253
3 6 9461 9488 3519 11476 6544 6566
3 4 9467 3640 11728 9585
3 4 9483 6229 3337 281
3 2 9486 529
3 3 9490 11732 13011
3 3 9490 3506 9644
3 3 9490 3533 9505
3 3 9495 527 3495
3 3 9503 549 11531
3 3 9503 6529 678
3 2 9503 6542
3 3 9505 11488 11516
3 3 9505 9658 9642
3 3 9505 9658 3652
3 2 9507 512
3 3 9507 6533 11631
3 2 9517 6555
3 2 9517 11486
3 2 9536 11606
3 3 9537 6751 3713
3 3 9548 6584 11534
3 3 9569 11525 3569
3 2 9570 552
3 4 9570 3510 3460 6558
3 4 9570 6512 9511 11467
3 2 9574 11519
3 3 9585 6607 3763
3 3 9588 9591 11574
3 2 9595 9588
3 3 9595 3627 9608
3 3 9602 6998 3984
3 2 9602 11887
3 3 9608 6647 11577
3 3 9609 6644 6651
3 4 9609 9607 11576 590
3 3 9609 9625 11794
3 2 9612 9769
3 3 9612 9610 3796
1 3 9616 4778 12124
3 2 9617 3663
3 3 9617 11603 6677
3 5 9617 6658 818 11588 3630
3 3 9617 6658 9612
1 2 9620 9622
1 2 9638 9620
2 3 9642 3666 9622
3 3 9644 667 9609
3 3 9644 6518 512
3 3 9648 653 3673
3 2 9648 9661
3 3 9648 9646 596
3 4 9660 684 6716 3713
3 2 9660 11625
3 3 9661 3700 9692
3 3 9671 9637 3840
3 3 9692 3716 11679
1 4 9704 6571 3548 11691
2 3 9704 727 9548
1 4 9713 6699 6694 6876
2 3 9713 710 4607
3 4 9727 12568 4988 6974
2 3 9727 12637 6971
3 3 9737 6762 6759
3 5 9740 12701 1782 4869 12582
3 2 9740 761
3 2 9752 3976
3 2 9764 6812
3 3 9769 9919 9902
3 3 9769 6967 6814
3 3 9769 649 9783
3 4 9771 11754 793 3796
3 4 9778 12081 950 4095
3 3 9783 9919 9902
3 3 9800 3794 3938
3 5 9804 847 3850 880 11800
3 2 9805 914
3 2 9809 9780
3 4 9814 11757 7517 1562
3 4 9815 12070 9765 6933
2 3 9815 4080 1048
1 2 9816 10523
3 2 9817 724
3 2 9833 11829
3 5 9835 6837 6898 3814 814
3 2 9837 936
2 2 9837 3980
3 4 9837 841 13234 914
2 3 9843 11761 10068
3 3 9849 11762 9780
3 3 9850 908 718
2 5 9860 876 11739 4512 12416
3 3 9874 6940 3939
3 2 9874 9849
3 2 9874 3882
3 3 9898 6960 3946
3 3 9898 11877 958
3 3 9898 760 6962
3 4 9900 6978 6938 979
2 2 9900 6995
3 6 9900 11897 11826 3964 3807 3870
3 2 9907 6946
3 3 9909 11891 3772
3 3 9932 9886 11853
3 2 9934 1612
2 3 9936 4103 7121
3 2 9962 2220
3 2 9975 4064
3 3 10013 1194 10070
3 3 10013 10113 9945
3 3 10029 3994 7118
3 4 10029 7012 7134 7138
3 4 10052 11985 1025 7110
3 2 10070 7069
3 4 10070 1194 10113 9945
3 3 10077 1609 4616
3 3 10088 1101 1538
3 6 10088 10116 12462 11978 10001 10255
3 2 10098 7129
3 5 10098 7085 7025 12055 7200
3 2 10106 3916
2 2 10124 1123
3 3 10125 12097 7087
3 9 10153 10197 7311 10169 1289 4262 4307 1098 12358
1 3 10212 12186 10199
1 3 10225 12184 12168
3 3 10230 6719 3732
3 4 10255 4237 7297 7340
3 7 10265 1221 12236 10306 1372 12279 4228
3 4 10278 1344 12734 8011
3 6 10278 7436 4420 10808 8067 7363
3 4 10311 5063 4353 12182
3 2 10311 5019
3 4 10324 1359 12142 12295
3 4 10324 5104 10259 10756
3 4 10337 7628 12486 12401
3 4 10337 10504 10861 3960
1 4 10344 1333 1014 12090
2 3 10351 12333 8099
3 2 10358 1538
3 4 10358 1444 4204 10077
3 4 10358 1444 7593 7537
2 3 10360 12438 5186
3 4 10362 12496 10502 12468
3 4 10366 7777 7501 1554
3 2 10383 4440
1 2 10400 5106
2 2 10400 2213
2 4 10404 7095 1597 4152
2 3 10404 4480 12017
2 5 10404 10039 7521 7577 1474
3 3 10418 12998 10935
3 3 10418 10375 8208
3 3 10419 11002 8196
3 2 10427 10682
3 5 10427 12377 7533 4453 7649
3 3 10434 10446 7580
3 6 10435 12454 13207 7641 4523 11701
3 3 10435 12324 1493
3 3 10447 7594 1542
2 3 10472 6991 11853
2 4 10472 12376 4583 6935
2 3 10472 3564 12320
1 2 10494 12872
3 6 10506 12658 10603 4773 10146 1591
3 4 10506 12340 12397 10366
3 5 10506 4492 4595 1402 7335
3 2 10515 7500
3 2 10540 12592
3 2 10540 4744
3 3 10557 13059 6085
2 7 10578 10647 4873 4222 10372 1608 11752
3 2 10585 7782
3 3 10586 12670 12501
3 3 10594 10930 5221
3 2 10595 12646
3 4 10595 10569 12620 3750
3 5 10595 10569 7771 1875 1747
3 4 10607 12643 12615 12555
3 2 10607 4859
3 3 10607 4692 13064
3 7 10612 12690 4745 10638 1502 12485 4506
2 4 10612 4792 10708 10578
3 8 10619 10550 10680 12662 10610 12590 12737 4714
3 4 10627 1877 7773 10669
3 2 10631 7805
3 2 10641 10589
3 3 10641 4798 1878
2 3 10644 1737 7853
3 5 10667 10608 1748 10714 1795
3 6 10667 12591 1807 10590 7871 10577
3 3 10667 1730 10678
3 3 10667 7772 1878
3 3 10669 12520 1774
3 5 10682 4836 11019 2114 8249
2 3 10687 12673 12124
3 5 10687 10690 12155 7255 3513
3 4 10696 1709 7800 4780
3 4 10696 12679 4806 1797
3 5 10709 12685 1870 3719 10618
3 5 10716 1704 10720 4846 12700
3 7 10716 7228 12567 10133 12287 1233 9292
3 2 10730 10832
3 6 10740 10894 4955 12728 2019 5061
3 2 10743 1914
3 3 10743 10784 2088
1 2 10747 2023
2 2 10747 7993
1 2 10747 12845
2 2 10747 5026
3 4 10756 5032 10208 1412
3 2 10762 5070
3 2 10765 8012
3 2 10772 10729
2 3 10772 10066 8007
3 2 10772 10843
2 2 10773 10730
1 2 10773 12712
3 3 10777 8124 4985
3 2 10791 8051
2 2 10792 8050
2 2 10792 5026
3 3 10795 10851 12744
3 2 10797 12832
3 4 10798 7904 1806 2043
3 5 10798 9822 11743 2082 3960
3 2 10803 5013
3 2 10803 12742
3 2 10827 12744
3 2 10829 4957
3 2 10830 12897
3 2 10837 10922
1 2 10840 10752
2 4 10843 10898 1971 10735
3 3 10843 12876 12718
2 2 10845 8201
2 2 10859 7912
1 3 10859 8019 8062
2 2 10860 5196
1 3 10860 11017 10932
1 2 10862 12785
1 2 10862 12742
3 2 10877 2096
3 2 10877 10859
2 2 10886 13085
1 3 10887 12005 12822
3 3 10890 8009 5073
3 2 10895 12873
3 2 10895 8057
1 2 10905 10887
3 3 10912 10823 1981
3 2 10919 12874
3 2 10919 12731
2 2 10922 5067
2 2 10922 1982
1 2 10924 12973
3 2 10929 2216
2 2 10929 7842
3 2 10929 4851
3 2 10929 1874
2 3 10932 12911 8205
3 2 10935 2149
3 3 10946 8197 10419
3 2 10947 5167
3 3 10947 11008 2109
2 3 10956 2168 5151
3 2 10968 8219
3 2 10973 5200
3 2 10976 10761
3 2 10981 12982
1 2 11001 8216
3 2 11021 2149
2 4 11079 11024 6134 6175
2 4 11079 6146 193 11076
3 4 11091 9117 9193 156
3 5 11091 3045 11147 11040 9151
3 3 11091 6127 35
3 5 11094 6159 11038 3092 9248
2 3 11105 6144 9167
2 4 11105 9129 9194 3083
2 8 11125 124 6087 6137 3156 9158 9074 6175
3 3 11136 3150 6300
3 7 11159 90 6057 9190 152 57 3140
3 8 11168 81 6189 129 6056 6167 6101 121
3 3 11168 3160 166
3 7 11202 6324 3310 6242 9353 387 6293
3 2 11219 11359
3 8 11225 11377 3216 3385 6379 10299 12128 12298
3 5 11225 11348 338 3486 3330
3 4 11241 9323 6249 6326
3 2 11241 6293
3 2 11251 3277
3 3 11279 9268 9239
3 3 11297 9250 3353
3 4 11349 11326 366 9302
3 6 11349 6264 3235 9287 354 6293
3 3 11349 9343 3215
3 8 11351 340 313 3304 6492 9460 3426 3578
3 10 11351 11296 471 6587 544 487 579 3582 3555 3529
3 5 11370 216 11322 342 9289
3 4 11370 11216 9236 6413
3 2 11374 6103
3 7 11375 3303 11344 11394 11262 11309 6248
3 8 11375 6327 9325 3383 3282 9259 11356 6338
3 8 11375 6327 3352 3285 3197 3334 6294 392
3 5 11375 9368 270 3245 6149
3 5 11379 350 11217 6316 9356
3 7 11379 11248 11294 9273 9245 11381 11351
3 4 11380 9308 9209 6164
2 4 11380 11390 3229 299
3 3 11420 485 9434
3 4 11432 469 3514 9535
3 4 11435 11470 3547 587
3 3 11435 11470 3423
3 3 11435 9575 11531
3 3 11437 11405 6596
3 4 11456 9363 11346 6535
3 2 11456 3444
3 2 11465 9495
3 3 11465 11616 11600
3 3 11467 9457 3583
3 2 11467 6464
3 3 11467 479 9546
3 5 11479 536 9494 6522 6499
3 4 11479 9558 513 474
3 2 11483 6504
3 6 11504 9413 11462 3520 11526 3580
3 4 11504 6507 9433 11437
3 5 11504 6507 6478 6451 11561
3 4 11504 3557 11397 418
3 3 11506 9523 9507
3 2 11516 9559
3 3 11519 6537 3488
3 3 11534 3577 6600
3 2 11542 9569
3 3 11542 6440 11432
3 3 11544 9572 11417
3 3 11544 561 3299
3 3 11544 11529 6540
3 2 11549 13011
3 3 11549 11518 11506
3 3 11549 3447 11606
3 4 11554 581 555 9537
3 2 11554 9412
3 2 11554 417
3 2 11560 3423
3 2 11560 589
3 3 11561 6423 11437
3 3 11571 1769 7899
3 2 11574 11577
3 4 11574 606 11741 982
3 2 11580 3617
3 2 11580 11586
3 2 11580 11577
3 2 11581 624
3 3 11581 3592 3601
3 2 11584 9582
3 2 11584 628
3 2 11584 6656
3 3 11586 9599 3984
3 2 11600 6657
2 2 11607 1714
3 2 11607 12592
3 2 11607 12551
3 2 11621 6696
3 4 11621 1881 4527 4601
3 2 11625 6700
3 2 11631 3671
3 3 11631 9629 6651
3 2 11636 6706
3 3 11636 3076 687
3 2 11636 6677
3 4 11644 9656 679 646
3 2 11659 11644
2 4 11659 6735 9706 11691
3 3 11666 6739 9692
3 2 11666 9661
3 4 11670 9698 11703 3575
1 3 11674 1610 11704
3 3 11679 6561 9537
3 4 11679 9690 3731 3713
3 6 11701 1517 4563 10406 7563 7477
3 4 11702 3948 3751 6962
2 3 11704 10454 4901
3 4 11707 3729 726 3918
3 5 11742 888 3891 3799 6906
3 3 11742 888 832
2 3 11747 6908 3905
3 5 11747 804 11844 3807 3870
2 8 11752 1608 12348 10499 6988 6937 11801 814
3 4 11771 987 11815 9835
3 6 11771 846 916 3913 3932 6947
3 6 11771 987 3895 3839 6860 11835
3 4 11773 11874 11824 9772
3 2 11794 3650
3 2 11794 6613
2 2 11797 9860
2 3 11811 3851 947
2 3 11811 904 3905
3 5 11817 702 3880 880 11800
3 3 11817 6885 9804
3 3 11818 3526 6857
3 3 11818 10163 936
3 2 11829 11811
3 2 11834 958
3 2 11851 3846
3 3 11853 9954 11797
3 2 11887 9771
3 3 11899 11572 9588
3 2 11900 9864
3 2 11919 792
3 2 11929 4616
2 5 11929 9993 10416 1497 12366
2 6 11929 9993 12423 13208 10514 1581
2 2 11953 1160
3 4 11960 1067 4172 10125
3 4 11969 10091 7162 4129
3 4 11974 7144 10031 1068
3 2 11974 7030
3 3 11975 10465 7118
3 2 11976 4115
1 2 11987 7173
2 4 11987 12042 1152 4933
2 2 11987 10013
2 2 11995 4950
1 3 11995 4953 10801
3 2 12004 4073
3 2 12004 4143
3 3 12004 10126 9957
2 4 12014 9970 9942 4183
2 4 12014 9970 9982 12350
2 4 12017 7665 10006 4896
2 4 12017 12310 7502 12350
3 2 12029 1088
3 3 12054 7083 7138
3 3 12058 1164 9940
2 3 12059 7146 1168
2 2 12062 4190
2 3 12062 1188 4032
1 2 12064 10400
1 2 12064 1494
3 4 12074 4071 1154 9971
3 2 12137 5055
3 4 12149 7433 1284 12291
3 3 12182 12142 12295
3 4 12208 4278 5032 10756
1 4 12218 7224 8027 10417
3 3 12230 12201 4312
2 3 12237 12193 12154
2 2 12256 10344
2 5 12256 1417 4293 1253 1488
3 5 12256 1417 4293 12238 1403
3 4 12291 4362 7379 4432
3 7 12292 4275 10217 1308 1281 12201 4312
3 5 12292 4275 10217 10158 12230
2 3 12292 4392 12122
3 2 12295 7232
3 4 12298 1210 1406 4261
3 5 12298 4322 7438 7370 10253
3 2 12306 2149
3 2 12306 12982
3 4 12312 6737 10339 1527
2 2 12320 6997
2 3 12320 12450 6642
3 2 12321 10981
3 4 12338 10389 10443 4616
2 3 12350 1448 4156
3 2 12357 9450
3 3 12364 1555 1568
3 2 12364 10515
2 4 12366 12395 10514 1581
3 3 12381 12353 12325
3 4 12381 1572 1584 7388
3 3 12381 1480 11975
2 3 12384 638 7118
2 4 12384 7583 12498 12325
3 2 12391 8136
3 4 12401 4522 1559 10410
3 2 12406 7520
3 3 12406 1537 10427
3 2 12419 10697
3 3 12419 1509 5203
2 2 12430 12581
2 3 12430 1384 12218
3 2 12453 10515
3 5 12461 13215 12833 2069 8012
3 2 12466 11007
3 2 12467 4619
3 3 12467 7625 9934
3 2 12468 12453
3 3 12468 12440 1626
3 4 12468 1613 12481 1641
3 3 12473 7140 1088
3 2 12473 12029
3 5 12473 7671 6883 1634 2013
3 2 12473 9893
3 4 12476 7530 12387 12416
3 3 12476 10811 3916
3 2 12479 10360
3 4 12479 2185 5172 10980
3 4 12489 4444 10355 10410
3 3 12489 4597 4567
3 4 12497 10457 12305 7831
3 5 12501 10824 10192 1587 4622
3 2 12504 5199
3 2 12504 5221
1 3 12508 12571 10644
3 8 12510 4840 7722 10626 4700 1709 7800 4780
1 2 12518 1714
2 2 12518 12551
1 3 12535 10672 4741
2 7 12535 9695 7756 1862 12134 10422 4607
1 3 12535 10582 4865
3 3 12544 4777 10669
3 2 12547 4696
2 2 12547 4822
3 2 12549 4006
3 2 12552 9792
1 3 12578 7820 1262
3 3 12582 12278 9467
3 3 12586 9892 1678
3 2 12586 12646
3 2 12589 12692
3 2 12589 12547
2 3 12589 10415 4528
3 2 12592 4006
3 3 12603 1788 1848
3 3 12603 3769 10552
3 4 12603 12663 3481 736
3 2 12611 10557
3 3 12611 4855 1795
3 3 12611 7765 10589
3 3 12646 12577 1867
1 2 12648 5231
1 2 12648 12064
2 2 12648 2213
3 4 12682 12636 4218 12688
3 2 12682 736
3 2 12683 12551
3 3 12687 1741 7805
3 2 12687 13065
3 3 12688 12145 1848
3 2 12692 12419
2 2 12692 4822
3 4 12700 12630 7867 12602
3 4 12700 7796 4774 3169
3 2 12702 10791
3 2 12707 2001
3 2 12710 8015
3 2 12712 10730
3 3 12712 8236 12753
3 3 12718 12844 1908
3 2 12719 3165
2 2 12721 10738
2 3 12725 7989 2046
2 2 12725 1977
3 5 12727 7995 10923 4968 5027
3 3 12727 5024 10791
3 3 12727 12870 8060
3 2 12731 12817
2 5 12732 1630 6638 1985 5025
2 2 12738 10728
3 2 12744 10877
3 2 12744 4033
3 2 12746 2051
3 2 12747 12858
3 2 12751 10829
3 2 12751 12838
3 2 12751 5045
2 4 12765 6897 10645 12552
3 3 12766 12723 5017
3 2 12766 8043
3 5 12786 2005 1569 4571 1637
3 3 12786 7938 4410
3 3 12786 10751 4516
3 2 12790 1937
3 2 12795 7548
3 2 12802 4957
3 2 12806 10743
3 2 12806 10795
3 3 12810 10732 7913
3 3 12812 1964 12840
2 5 12815 10817 10787 1257 2045
3 2 12817 1891
2 2 12821 5074
3 3 12821 4924 10840
2 2 12822 10729
2 2 12823 8017
2 2 12825 13083
1 2 12825 8213
3 2 12828 1928
3 2 12830 11012
2 3 12830 11108 3165
3 2 12835 10769
3 2 12838 7930
3 2 12838 2044
3 4 12840 10818 10891 1966
2 2 12845 1937
2 2 12853 5220
3 3 12858 1909 2038
3 2 12858 12802
2 2 12865 8017
3 2 12865 10728
3 2 12873 12746
3 2 12891 12747
3 2 12901 8224
3 2 12901 5178
2 2 12907 7161
3 2 12921 8136
3 2 12927 10761
2 2 12935 7842
3 2 12940 5203
3 2 12941 10976
3 2 12942 10975
2 2 12942 2158
3 2 12944 8201
2 2 12950 12986
1 4 12954 5169 2199 12306
3 2 12963 1580
3 2 12963 10525
3 2 12964 8187
3 2 12964 5213
1 3 12978 11022 2158
2 2 12978 5143
3 2 12981 7548
3 2 12989 7088
3 2 12989 3854
3 2 12989 12929
3 3 12991 5065 12840
3 4 12991 10928 8164 12941
2 3 12994 5171 11000
1 3 12994 5146 11001
1 2 12997 2225
3 2 13061 4006
2 2 13063 5264
3 2 13064 4859
2 2 13083 8185
1 2 13085 8017
3 2 13087 13092
3 2 13088 5021
3 2 13088 12721
2 2 13093 8017
2 2 13210 2192
3 2 13211 1883
3 2 13211 1974
3 2 13212 12874
3 2 13217 12519
