1 14
1 17
1 22
1 35
1 105
1 117
1 121
1 156
1 158
1 166
1 177
1 185
1 186
1 188
1 198
1 219
1 265
1 279
1 281
1 299
1 300
1 306
1 317
1 321
1 333
1 337
1 351
1 362
1 377
1 381
1 382
1 383
1 385
1 391
1 392
1 400
1 405
1 413
1 417
1 418
1 441
1 442
1 474
1 476
1 482
1 488
1 490
1 492
1 495
1 499
1 502
1 512
1 514
1 516
1 519
1 525
1 529
1 537
1 540
1 550
1 552
1 564
1 587
1 589
1 590
1 591
1 596
1 599
1 610
1 620
1 624
1 628
1 629
1 646
1 650
1 654
1 657
1 663
1 670
1 673
1 678
1 686
1 687
1 688
1 690
1 692
1 693
1 705
1 708
1 718
1 724
1 733
1 736
1 737
1 740
1 748
1 758
1 761
1 773
1 776
1 778
1 782
1 792
1 814
1 819
1 829
1 831
1 832
1 848
1 853
1 855
1 856
1 858
1 859
1 870
1 872
1 883
1 885
1 898
1 900
1 905
1 911
1 914
1 925
1 936
1 940
1 947
1 949
1 951
1 957
1 958
1 969
1 974
1 979
1 982
1 989
1 1001
1 1005
1 1010
1 1024
1 1041
1 1047
1 1048
1 1055
1 1064
1 1068
1 1069
1 1070
1 1086
1 1087
1 1088
1 1092
1 1093
1 1102
1 1109
1 1110
1 1117
1 1123
1 1130
1 1145
1 1146
1 1149
1 1151
1 1160
1 1168
1 1170
1 1173
1 1176
1 1182
1 1201
1 1205
1 1224
1 1262
1 1278
1 1298
1 1316
1 1319
1 1321
1 1330
1 1345
1 1349
1 1352
1 1355
1 1356
1 1369
1 1387
1 1391
1 1399
1 1403
1 1408
1 1412
1 1424
1 1426
1 1453
1 1459
1 1464
1 1468
1 1473
1 1474
1 1479
1 1488
1 1492
1 1493
1 1494
1 1519
1 1520
1 1523
1 1527
1 1529
1 1530
1 1538
1 1542
1 1554
1 1562
1 1568
1 1575
1 1580
1 1581
1 1591
1 1595
1 1599
1 1603
1 1607
1 1612
1 1618
1 1626
1 1636
1 1637
1 1641
1 1652
1 1655
1 1657
1 1672
1 1678
1 1714
1 1722
1 1731
1 1734
1 1735
1 1745
1 1747
1 1774
1 1795
1 1797
1 1801
1 1814
1 1822
1 1823
1 1825
1 1827
1 1833
1 1836
1 1838
1 1839
1 1848
1 1851
1 1866
1 1867
1 1873
1 1874
1 1878
1 1883
1 1884
1 1891
1 1896
1 1900
1 1908
1 1914
1 1922
1 1927
1 1928
1 1932
1 1937
1 1939
1 1943
1 1950
1 1951
1 1963
1 1965
1 1966
1 1969
1 1974
1 1975
1 1976
1 1977
1 1981
1 1982
1 1984
1 1986
1 1988
1 1993
1 1995
1 2001
1 2008
1 2010
1 2011
1 2013
1 2015
1 2017
1 2023
1 2026
1 2028
1 2029
1 2030
1 2038
1 2040
1 2043
1 2044
1 2045
1 2046
1 2050
1 2051
1 2070
1 2077
1 2080
1 2086
1 2088
1 2089
1 2094
1 2096
1 2097
1 2100
1 2106
1 2109
1 2123
1 2126
1 2149
1 2150
1 2151
1 2152
1 2156
1 2158
1 2159
1 2161
1 2164
1 2170
1 2173
1 2174
1 2176
1 2180
1 2184
1 2192
1 2196
1 2197
1 2200
1 2202
1 2204
1 2206
1 2207
1 2209
1 2210
1 2211
1 2213
1 2216
1 2218
1 2220
1 2225
1 2227
1 2229
1 2407
1 2923
1 2947
1 3010
1 3021
1 3022
1 3083
1 3122
1 3140
1 3151
1 3152
1 3164
1 3165
1 3169
1 3171
1 3174
1 3181
1 3184
1 3190
1 3208
1 3215
1 3258
1 3262
1 3272
1 3273
1 3274
1 3277
1 3288
1 3295
1 3299
1 3301
1 3312
1 3320
1 3326
1 3330
1 3335
1 3338
1 3340
1 3353
1 3369
1 3379
1 3380
1 3392
1 3393
1 3422
1 3423
1 3444
1 3456
1 3480
1 3488
1 3495
1 3498
1 3500
1 3509
1 3513
1 3516
1 3521
1 3522
1 3529
1 3544
1 3549
1 3552
1 3569
1 3575
1 3578
1 3580
1 3583
1 3598
1 3601
1 3604
1 3605
1 3617
1 3630
1 3641
1 3645
1 3650
1 3652
1 3653
1 3663
1 3671
1 3673
1 3686
1 3696
1 3701
1 3707
1 3713
1 3720
1 3732
1 3734
1 3750
1 3753
1 3754
1 3763
1 3768
1 3771
1 3772
1 3775
1 3780
1 3795
1 3796
1 3816
1 3823
1 3829
1 3834
1 3840
1 3846
1 3854
1 3870
1 3878
1 3882
1 3897
1 3901
1 3902
1 3905
1 3916
1 3918
1 3924
1 3928
1 3938
1 3939
1 3946
1 3950
1 3957
1 3960
1 3962
1 3973
1 3976
1 3980
1 3981
1 3983
1 3984
1 3987
1 3992
1 4006
1 4029
1 4031
1 4032
1 4033
1 4045
1 4046
1 4050
1 4052
1 4056
1 4064
1 4072
1 4073
1 4076
1 4079
1 4088
1 4091
1 4095
1 4100
1 4102
1 4105
1 4108
1 4109
1 4111
1 4112
1 4115
1 4116
1 4129
1 4135
1 4143
1 4144
1 4146
1 4152
1 4156
1 4159
1 4165
1 4166
1 4168
1 4178
1 4183
1 4185
1 4190
1 4193
1 4196
1 4206
1 4219
1 4223
1 4228
1 4229
1 4241
1 4245
1 4261
1 4273
1 4287
1 4299
1 4312
1 4314
1 4315
1 4329
1 4333
1 4334
1 4345
1 4361
1 4363
1 4379
1 4396
1 4401
1 4410
1 4432
1 4440
1 4450
1 4455
1 4464
1 4482
1 4506
1 4515
1 4516
1 4525
1 4528
1 4538
1 4540
1 4543
1 4550
1 4561
1 4565
1 4567
1 4575
1 4580
1 4584
1 4585
1 4601
1 4607
1 4609
1 4611
1 4613
1 4616
1 4619
1 4622
1 4632
1 4638
1 4645
1 4646
1 4652
1 4661
1 4669
1 4677
1 4696
1 4709
1 4714
1 4718
1 4720
1 4723
1 4724
1 4733
1 4737
1 4740
1 4741
1 4744
1 4749
1 4776
1 4780
1 4785
1 4791
1 4794
1 4797
1 4799
1 4800
1 4801
1 4822
1 4851
1 4854
1 4856
1 4859
1 4865
1 4871
1 4872
1 4879
1 4883
1 4887
1 4889
1 4891
1 4893
1 4896
1 4901
1 4904
1 4915
1 4920
1 4925
1 4933
1 4934
1 4938
1 4941
1 4942
1 4948
1 4950
1 4957
1 4961
1 4971
1 4972
1 4974
1 4975
1 4982
1 4984
1 4985
1 4987
1 4989
1 4995
1 4997
1 5000
1 5005
1 5008
1 5010
1 5012
1 5013
1 5017
1 5019
1 5021
1 5025
1 5026
1 5027
1 5028
1 5029
1 5030
1 5034
1 5036
1 5037
1 5039
1 5041
1 5045
1 5047
1 5050
1 5052
1 5055
1 5061
1 5064
1 5066
1 5067
1 5069
1 5070
1 5073
1 5074
1 5075
1 5077
1 5083
1 5092
1 5097
1 5098
1 5105
1 5106
1 5107
1 5117
1 5120
1 5121
1 5128
1 5131
1 5139
1 5143
1 5151
1 5152
1 5153
1 5158
1 5167
1 5168
1 5177
1 5178
1 5179
1 5180
1 5183
1 5184
1 5186
1 5189
1 5196
1 5198
1 5199
1 5200
1 5203
1 5207
1 5208
1 5212
1 5213
1 5214
1 5220
1 5221
1 5223
1 5230
1 5231
1 5232
1 5264
1 6008
1 6039
1 6050
1 6085
1 6103
1 6105
1 6115
1 6132
1 6149
1 6151
1 6164
1 6175
1 6180
1 6181
1 6218
1 6226
1 6235
1 6247
1 6248
1 6259
1 6262
1 6270
1 6278
1 6280
1 6282
1 6287
1 6293
1 6296
1 6300
1 6314
1 6326
1 6331
1 6332
1 6336
1 6338
1 6349
1 6354
1 6363
1 6375
1 6377
1 6380
1 6384
1 6389
1 6413
1 6429
1 6446
1 6464
1 6469
1 6474
1 6488
1 6496
1 6499
1 6504
1 6521
1 6524
1 6535
1 6536
1 6540
1 6542
1 6550
1 6555
1 6558
1 6566
1 6568
1 6573
1 6582
1 6583
1 6596
1 6598
1 6600
1 6606
1 6613
1 6626
1 6631
1 6642
1 6651
1 6656
1 6657
1 6677
1 6679
1 6680
1 6685
1 6696
1 6700
1 6703
1 6706
1 6710
1 6711
1 6717
1 6720
1 6725
1 6726
1 6732
1 6734
1 6759
1 6766
1 6780
1 6788
1 6794
1 6812
1 6814
1 6831
1 6845
1 6846
1 6850
1 6857
1 6862
1 6866
1 6875
1 6876
1 6880
1 6882
1 6889
1 6890
1 6906
1 6922
1 6923
1 6927
1 6930
1 6933
1 6934
1 6935
1 6946
1 6947
1 6962
1 6971
1 6972
1 6973
1 6974
1 6994
1 6995
1 6996
1 6997
1 6999
1 7005
1 7011
1 7014
1 7021
1 7030
1 7034
1 7035
1 7054
1 7064
1 7069
1 7071
1 7072
1 7082
1 7087
1 7088
1 7096
1 7097
1 7101
1 7105
1 7107
1 7110
1 7118
1 7120
1 7121
1 7123
1 7125
1 7129
1 7132
1 7137
1 7138
1 7150
1 7151
1 7155
1 7161
1 7169
1 7170
1 7172
1 7173
1 7183
1 7185
1 7191
1 7194
1 7197
1 7200
1 7202
1 7203
1 7215
1 7221
1 7232
1 7256
1 7293
1 7296
1 7306
1 7315
1 7329
1 7335
1 7340
1 7342
1 7344
1 7363
1 7371
1 7375
1 7381
1 7388
1 7394
1 7399
1 7408
1 7427
1 7430
1 7432
1 7447
1 7458
1 7459
1 7476
1 7477
1 7480
1 7481
1 7500
1 7520
1 7537
1 7548
1 7552
1 7554
1 7564
1 7580
1 7589
1 7592
1 7598
1 7602
1 7617
1 7621
1 7624
1 7630
1 7637
1 7639
1 7642
1 7649
1 7656
1 7658
1 7661
1 7669
1 7683
1 7696
1 7716
1 7718
1 7763
1 7766
1 7775
1 7782
1 7785
1 7789
1 7798
1 7802
1 7803
1 7805
1 7809
1 7830
1 7831
1 7837
1 7842
1 7844
1 7853
1 7869
1 7872
1 7878
1 7891
1 7898
1 7899
1 7900
1 7901
1 7912
1 7913
1 7930
1 7940
1 7944
1 7953
1 7958
1 7959
1 7963
1 7972
1 7977
1 7978
1 7979
1 7980
1 7982
1 7983
1 7991
1 7992
1 7993
1 8003
1 8007
1 8008
1 8011
1 8012
1 8015
1 8017
1 8021
1 8022
1 8024
1 8026
1 8030
1 8036
1 8040
1 8042
1 8043
1 8048
1 8050
1 8051
1 8057
1 8058
1 8060
1 8062
1 8071
1 8073
1 8085
1 8086
1 8087
1 8093
1 8096
1 8098
1 8099
1 8101
1 8109
1 8113
1 8117
1 8119
1 8123
1 8129
1 8136
1 8140
1 8143
1 8161
1 8175
1 8178
1 8182
1 8183
1 8185
1 8186
1 8187
1 8188
1 8193
1 8196
1 8199
1 8201
1 8204
1 8205
1 8207
1 8208
1 8213
1 8214
1 8216
1 8219
1 8223
1 8224
1 8227
1 8229
1 8238
1 8239
1 8244
1 8245
1 8246
1 8248
1 8249
1 8254
1 8461
1 9108
1 9120
1 9137
1 9140
1 9151
1 9152
1 9167
1 9177
1 9206
1 9224
1 9239
1 9240
1 9248
1 9263
1 9279
1 9288
1 9289
1 9292
1 9297
1 9302
1 9303
1 9304
1 9309
1 9315
1 9320
1 9335
1 9340
1 9347
1 9355
1 9356
1 9361
1 9377
1 9383
1 9388
1 9392
1 9412
1 9417
1 9418
1 9427
1 9431
1 9434
1 9438
1 9450
1 9453
1 9461
1 9467
1 9483
1 9486
1 9490
1 9495
1 9497
1 9503
1 9505
1 9507
1 9517
1 9522
1 9526
1 9535
1 9536
1 9537
1 9546
1 9548
1 9559
1 9569
1 9570
1 9574
1 9582
1 9585
1 9588
1 9595
1 9602
1 9608
1 9609
1 9612
1 9616
1 9617
1 9620
1 9622
1 9630
1 9638
1 9642
1 9644
1 9648
1 9654
1 9660
1 9661
1 9665
1 9668
1 9671
1 9680
1 9692
1 9704
1 9708
1 9713
1 9727
1 9737
1 9740
1 9752
1 9764
1 9769
1 9771
1 9772
1 9778
1 9780
1 9783
1 9785
1 9792
1 9800
1 9804
1 9805
1 9809
1 9814
1 9815
1 9816
1 9817
1 9833
1 9835
1 9837
1 9843
1 9849
1 9850
1 9853
1 9860
1 9864
1 9874
1 9875
1 9893
1 9898
1 9900
1 9902
1 9904
1 9907
1 9909
1 9916
1 9930
1 9932
1 9934
1 9935
1 9936
1 9940
1 9945
1 9953
1 9957
1 9960
1 9962
1 9971
1 9975
1 9989
1 9990
1 10013
1 10024
1 10028
1 10029
1 10032
1 10041
1 10045
1 10052
1 10068
1 10070
1 10074
1 10077
1 10088
1 10098
1 10106
1 10124
1 10125
1 10135
1 10153
1 10191
1 10199
1 10212
1 10225
1 10230
1 10232
1 10253
1 10255
1 10263
1 10265
1 10278
1 10311
1 10324
1 10337
1 10344
1 10351
1 10358
1 10360
1 10362
1 10366
1 10383
1 10392
1 10400
1 10401
1 10404
1 10405
1 10410
1 10417
1 10418
1 10419
1 10427
1 10434
1 10435
1 10447
1 10472
1 10494
1 10505
1 10506
1 10515
1 10523
1 10525
1 10540
1 10552
1 10557
1 10577
1 10578
1 10585
1 10586
1 10589
1 10594
1 10595
1 10607
1 10612
1 10618
1 10619
1 10627
1 10631
1 10637
1 10641
1 10644
1 10662
1 10667
1 10669
1 10678
1 10682
1 10687
1 10696
1 10697
1 10709
1 10716
1 10717
1 10728
1 10729
1 10730
1 10735
1 10737
1 10738
1 10740
1 10743
1 10746
1 10747
1 10752
1 10756
1 10761
1 10762
1 10765
1 10769
1 10772
1 10773
1 10776
1 10777
1 10791
1 10792
1 10795
1 10797
1 10798
1 10801
1 10803
1 10807
1 10826
1 10827
1 10829
1 10830
1 10832
1 10837
1 10840
1 10843
1 10844
1 10845
1 10855
1 10859
1 10860
1 10862
1 10877
1 10886
1 10887
1 10890
1 10895
1 10905
1 10912
1 10919
1 10922
1 10924
1 10929
1 10932
1 10933
1 10935
1 10946
1 10947
1 10952
1 10956
1 10968
1 10973
1 10975
1 10976
1 10980
1 10981
1 10986
1 10993
1 10998
1 11000
1 11001
1 11007
1 11012
1 11021
1 11076
1 11079
1 11091
1 11094
1 11105
1 11122
1 11125
1 11136
1 11145
1 11148
1 11159
1 11168
1 11194
1 11202
1 11218
1 11219
1 11221
1 11225
1 11237
1 11241
1 11251
1 11254
1 11261
1 11279
1 11293
1 11297
1 11331
1 11349
1 11351
1 11359
1 11370
1 11372
1 11374
1 11375
1 11379
1 11380
1 11404
1 11417
1 11420
1 11432
1 11435
1 11437
1 11446
1 11456
1 11465
1 11467
1 11479
1 11483
1 11486
1 11504
1 11506
1 11516
1 11519
1 11531
1 11533
1 11534
1 11535
1 11542
1 11544
1 11549
1 11554
1 11560
1 11561
1 11571
1 11574
1 11577
1 11580
1 11581
1 11584
1 11586
1 11600
1 11604
1 11606
1 11607
1 11617
1 11621
1 11625
1 11631
1 11636
1 11639
1 11644
1 11654
1 11659
1 11666
1 11668
1 11669
1 11670
1 11674
1 11679
1 11683
1 11691
1 11697
1 11701
1 11702
1 11704
1 11707
1 11714
1 11742
1 11746
1 11747
1 11752
1 11771
1 11773
1 11786
1 11794
1 11797
1 11800
1 11805
1 11811
1 11817
1 11818
1 11825
1 11829
1 11833
1 11834
1 11835
1 11851
1 11853
1 11887
1 11899
1 11900
1 11913
1 11916
1 11917
1 11919
1 11925
1 11928
1 11929
1 11943
1 11948
1 11952
1 11953
1 11954
1 11960
1 11969
1 11974
1 11975
1 11976
1 11979
1 11987
1 11992
1 11995
1 12004
1 12014
1 12016
1 12017
1 12029
1 12031
1 12038
1 12040
1 12054
1 12058
1 12059
1 12062
1 12064
1 12074
1 12090
1 12100
1 12122
1 12124
1 12131
1 12137
1 12149
1 12154
1 12168
1 12170
1 12182
1 12190
1 12208
1 12218
1 12230
1 12237
1 12252
1 12256
1 12261
1 12268
1 12291
1 12292
1 12295
1 12298
1 12299
1 12301
1 12306
1 12308
1 12312
1 12320
1 12321
1 12325
1 12335
1 12338
1 12350
1 12357
1 12358
1 12360
1 12361
1 12364
1 12366
1 12379
1 12381
1 12384
1 12391
1 12401
1 12406
1 12416
1 12419
1 12430
1 12453
1 12456
1 12458
1 12459
1 12461
1 12466
1 12467
1 12468
1 12473
1 12476
1 12479
1 12489
1 12497
1 12501
1 12504
1 12508
1 12510
1 12518
1 12519
1 12535
1 12544
1 12547
1 12549
1 12551
1 12552
1 12555
1 12560
1 12578
1 12581
1 12582
1 12586
1 12589
1 12592
1 12602
1 12603
1 12611
1 12632
1 12646
1 12648
1 12669
1 12677
1 12682
1 12683
1 12687
1 12688
1 12692
1 12700
1 12702
1 12705
1 12707
1 12710
1 12712
1 12715
1 12717
1 12718
1 12719
1 12721
1 12725
1 12726
1 12727
1 12731
1 12732
1 12738
1 12742
1 12743
1 12744
1 12746
1 12747
1 12751
1 12753
1 12765
1 12766
1 12782
1 12785
1 12786
1 12790
1 12791
1 12795
1 12798
1 12802
1 12806
1 12810
1 12812
1 12815
1 12817
1 12821
1 12822
1 12823
1 12824
1 12825
1 12828
1 12829
1 12830
1 12832
1 12835
1 12836
1 12838
1 12840
1 12845
1 12853
1 12857
1 12858
1 12865
1 12867
1 12872
1 12873
1 12874
1 12883
1 12891
1 12897
1 12901
1 12907
1 12910
1 12921
1 12922
1 12927
1 12929
1 12932
1 12935
1 12939
1 12940
1 12941
1 12942
1 12944
1 12950
1 12952
1 12954
1 12958
1 12963
1 12964
1 12973
1 12975
1 12978
1 12981
1 12982
1 12983
1 12986
1 12989
1 12990
1 12991
1 12994
1 12997
1 13011
1 13061
1 13063
1 13064
1 13065
1 13075
1 13077
1 13079
1 13083
1 13085
1 13086
1 13087
1 13088
1 13089
1 13092
1 13093
1 13202
1 13210
1 13211
1 13212
1 13217
