state={
	id=504
	name= "STATE_504"
	manpower = 4926284

	state_category = megalopolis

	history={
		owner = X68
		victory_points = {
			6346 9
		}
		buildings = {
			infrastructure = 8
			industrial_complex = 8
			arms_factory = 4
			air_base = 4
		}
		add_core_of = X68
	}

	provinces={
		1 2 39 60 62 75 81 85 93 97 121 129 150 160 163 164 166 194 231 252 344 3035 3057 3077 3085 3116 3124 3143 3154 3157 3160 3163 3175 3176 3190 3220 3323 6017 6022 6056 6073 6097 6101 6122 6131 6143 6167 6182 6189 6203 6245 6346 6356 9046 9060 9102 9107 9111 9122 9131 9144 9153 9177 9188 9199 9207 9256 9345 11036 11039 11048 11062 11083 11084 11093 11099 11103 11131 11154 11165 11166 11168 11177 11189 11205 11213 11250 
	}
}
