state={
	id=508
	name= "STATE_508"
	manpower = 5507072

	resources={
		aluminium = 11
		steel = 54
	}
	state_category = megalopolis

	history={
		owner = X68
		victory_points = {
			6374 8
		}
		buildings = {
			infrastructure = 8
			industrial_complex = 8
			arms_factory = 3
			air_base = 3
		}
		add_core_of = X68
	}

	provinces={
		12 73 112 119 175 228 256 260 270 282 292 297 325 345 355 368 372 392 403 404 3004 3017 3066 3102 3103 3112 3167 3177 3186 3197 3214 3224 3245 3251 3261 3264 3269 3276 3282 3285 3303 3315 3328 3334 3348 3349 3352 3361 3365 3382 3383 6089 6110 6133 6149 6191 6213 6231 6253 6294 6295 6299 6302 6307 6308 6312 6323 6327 6337 6338 6352 6357 6368 6370 6372 6374 6383 6392 6403 6410 9050 9065 9172 9180 9232 9244 9259 9270 9280 9291 9298 9305 9307 9325 9336 9338 9354 9358 9360 9368 9370 9373 9381 9385 9389 9390 9401 9402 9407 9514 10301 11110 11149 11158 11192 11243 11255 11263 11273 11275 11277 11286 11292 11319 11324 11339 11340 11344 11354 11356 11373 11375 11387 11389 11394 11496 
	}
}
