state={
	id=509
	name= "STATE_509"
	manpower = 4152588

	resources={
		chromium = 10
	}
	state_category = metropolis

	history={
		owner = X68
		victory_points = {
			6539 7
		}
		buildings = {
			infrastructure = 7
			industrial_complex = 4
			arms_factory = 5
			air_base = 3
		}
		add_core_of = X68
	}

	provinces={
		208 232 257 275 313 324 326 340 353 356 367 376 380 396 433 468 470 471 483 545 566 578 3199 3221 3266 3291 3304 3316 3317 3318 3332 3343 3346 3360 3371 3389 3404 3406 3426 3465 3467 3477 3515 3538 3578 6230 6248 6291 6317 6328 6329 6341 6343 6353 6366 6369 6382 6391 6398 6409 6450 6491 6492 6525 6539 6551 6564 6588 9245 9258 9276 9286 9312 9324 9326 9339 9344 9352 9367 9380 9394 9409 9422 9460 9487 9513 9526 9538 9549 9564 11227 11240 11262 11269 11296 11308 11309 11323 11335 11351 11364 11381 11393 11408 11436 11449 11457 11472 11473 11482 11524 11537 11538 11551 11552 
	}
}
