state={
	id=510
	name= "STATE_510"
	manpower = 3684704

	resources={
		aluminium = 43
		chromium = 60
	}
	state_category = city

	history={
		owner = X68
		victory_points = {
			4802 5
		}
		buildings = {
			infrastructure = 4
			industrial_complex = 3
			arms_factory = 1
			air_base = 1
		}
		add_core_of = X68
	}

	provinces={
		31 45 88 123 146 189 206 272 305 359 370 381 390 1336 1365 1380 1754 3027 3041 3127 3139 3146 3270 3294 3300 3363 3394 4298 4314 4326 4356 4372 4400 4802 4874 6025 6124 6162 6171 6217 6224 6274 6278 6288 6297 6388 7318 7346 7359 7375 7403 7712 7824 7898 9114 9146 9155 9192 9214 9283 9293 10200 10216 10286 10314 10551 10579 10677 11025 11051 11087 11098 11111 11124 11133 11170 11193 11195 11228 11320 11352 11365 12175 12187 12203 12216 12244 12393 12527 12558 12587 12626 12659 
	}
}
