state={
	id=511
	name= "STATE_511"
	manpower = 4233384

	resources={
		oil = 12
		steel = 146
		tungsten = 34
	}
	state_category = large_city

	history={
		owner = X68
		victory_points = {
			7401 6
		}
		buildings = {
			infrastructure = 6
			industrial_complex = 4
			arms_factory = 2
			air_base = 2
		}
		add_core_of = X68
	}

	provinces={
		227 273 286 291 298 338 339 365 393 410 452 497 499 1210 1254 1258 1278 1290 1305 1334 1350 1378 1406 3196 3216 3246 3265 3289 3330 3357 3372 3385 3486 3490 3551 3563 4215 4261 4265 4283 4311 4322 4324 4354 4383 4411 6226 6246 6275 6285 6339 6379 6394 6404 6424 6430 6473 6479 6502 6515 6574 6601 7237 7281 7300 7328 7343 7373 7401 7416 7431 7444 9243 9271 9299 9337 9349 9365 9391 9420 9432 9445 9447 9473 9577 10185 10224 10226 10256 10299 11225 11256 11281 11321 11348 11377 11421 11433 11458 11460 11523 12128 12130 12172 12200 12242 12270 12298 
	}
}
