state={
	id=514
	name= "STATE_514"
	manpower = 3408340

	resources={
		chromium = 2
	}
	state_category = city

	history={
		owner = X68
		victory_points = {
			4711 4
		}
		buildings = {
			infrastructure = 5
			industrial_complex = 2
			arms_factory = 1
			air_base = 0
		}
		add_core_of = X57
		add_core_of = X68
	}

	provinces={
		1287 1297 1369 1676 1685 1702 1718 1749 1777 1779 1794 1797 1816 1818 1850 1864 1877 1879 4661 4665 4670 4674 4680 4681 4685 4690 4711 4724 4781 4782 4789 4793 4800 4803 4818 4853 4867 7317 7350 7680 7703 7708 7731 7744 7757 7789 7804 7815 7819 7822 7849 7861 7886 7890 10161 10202 10218 10235 10292 10531 10537 10546 10580 10584 10597 10610 10613 10617 10627 10630 10639 10646 10649 10653 10673 10686 10712 10713 11410 12174 12427 12509 12515 12528 12536 12563 12564 12594 12599 12610 12613 12616 12621 12625 12628 12631 12635 12691 
	}
}
