fpac = {
	OR = {
		47
		48
		61
		111
		159
		160
		176
		239
		271
		319
		434
		453
		579
		580
	}
}
fpav = {
	OR = {
		56
		235
		236
		237
		240
		320
		336
		337
		429
		430
		431
		433
		435
		436
		437
		474
		493
		667
		668
	}
}
fpnc = {
	OR = {
		30
		323
		324
		326
		327
		346
		432
	}
}
fpnv = {
	OR = {
		480
		574
	}
}
fsac = {
	OR = {
		20
		21
		22
		23
		24
		26
		32
		37
		38
		39
		40
		44
		45
		46
		49
		55
		63
		64
		65
		67
		69
		71
		74
		78
		80
		81
		83
		88
		95
		96
		98
		102
		110
		129
		130
		141
		142
		145
		146
		147
		173
		175
		178
		181
		198
		204
		206
		207
		208
		210
		211
		212
		213
		215
		217
		218
		219
		222
		226
		229
		230
		233
		234
		238
		279
		284
		286
		288
		289
		290
		291
		295
		296
		297
		298
		300
		301
		303
		304
		325
		340
		341
		382
		445
		449
		451
		457
		458
		459
		460
		462
		463
		464
		465
		466
		467
		468
		469
		471
		487
		491
		492
		502
		514
		516
		518
		522
		525
		526
		528
		529
		530
		544
		545
		547
		567
		568
		569
		581
		583
		584
		585
		589
		590
		591
		592
		597
		598
		600
		609
		610
		612
		614
		617
		618
		619
		622
		632
		646
		647
		648
		649
		650
		651
		653
		659
		660
		670
		671
		672
		673
		675
		676
		677
		678
		679
		681
		683
	}
}
fsav = {
	OR = {
		19
		42
		52
		53
		66
		72
		82
		112
		113
		114
		157
		158
		161
		162
		203
		205
		255
		280
		302
		329
		412
		413
		472
		473
		476
		494
		499
		535
		601
		674
	}
}
fsnc = {
	OR = {
		6
		35
		50
		99
		100
		107
		108
		139
		140
		169
		197
		202
		253
		265
		293
		332
		350
		356
		440
		441
		446
		497
		500
		536
		655
	}
}
fsnv = {
	OR = {
		11
		106
		242
		444
		613
	}
}
mpac = {
	OR = {
		92
		93
	}
}
mpav = {
	OR = {
		75
		593
		605
	}
}
mpnc = {
	OR = {
		41
		251
	}
}
msac = {
	OR = {
		1
		3
		4
		5
		7
		8
		9
		10
		14
		15
		16
		17
		25
		28
		31
		33
		36
		43
		51
		54
		59
		60
		62
		68
		70
		73
		77
		84
		85
		86
		87
		89
		90
		91
		103
		104
		105
		109
		115
		116
		117
		118
		121
		122
		123
		124
		125
		126
		127
		128
		131
		136
		137
		138
		143
		144
		148
		149
		150
		153
		154
		163
		165
		166
		167
		168
		170
		172
		174
		177
		180
		182
		183
		184
		185
		186
		187
		188
		189
		191
		193
		194
		195
		196
		199
		200
		214
		216
		221
		223
		224
		225
		228
		231
		232
		244
		246
		247
		257
		258
		259
		260
		261
		262
		263
		266
		267
		268
		269
		272
		273
		278
		281
		282
		283
		299
		305
		306
		307
		309
		310
		311
		313
		315
		316
		318
		321
		322
		328
		339
		342
		343
		344
		345
		347
		348
		349
		351
		352
		353
		354
		355
		357
		359
		361
		364
		365
		366
		368
		369
		370
		371
		372
		373
		374
		375
		376
		377
		378
		379
		380
		381
		383
		384
		385
		386
		387
		388
		389
		390
		391
		392
		393
		394
		395
		396
		397
		398
		399
		400
		401
		402
		404
		408
		409
		410
		418
		419
		423
		424
		425
		426
		428
		456
		461
		470
		482
		483
		485
		486
		489
		523
		524
		539
		543
		546
		548
		550
		551
		552
		553
		560
		561
		563
		564
		565
		566
		570
		571
		572
		573
		576
		577
		578
		582
		594
		596
		602
		611
		615
		625
		626
		627
		628
		629
		631
		634
		636
		637
		640
		642
		643
		644
		652
		654
		657
		658
		661
		662
		664
		665
		680
		684
		685
		686
	}
}
msav = {
	OR = {
		27
		29
		57
		58
		119
		132
		155
		156
		201
		249
		274
		421
		438
		439
		531
		575
		599
		603
		604
		624
		630
		633
		635
		638
		639
		641
		645
		656
		663
		666
	}
}
msnc = {
	OR = {
		12
		13
		18
		34
		76
		79
		97
		101
		134
		135
		152
		164
		171
		179
		190
		220
		227
		243
		250
		252
		254
		276
		277
		292
		294
		308
		312
		314
		317
		333
		334
		335
		358
		360
		363
		405
		406
		416
		417
		427
		448
		450
		452
		454
		455
		477
		478
		479
		484
		488
		495
		496
		498
		501
		503
		504
		507
		508
		517
		519
		520
		537
		538
		541
		542
		556
		557
		558
		587
		595
		608
		669
		682
		687
	}
}
msnv = {
	OR = {
		209
		245
		287
		330
		362
		407
		414
		415
		422
		447
		481
		505
		506
		509
		510
		511
		512
		515
		521
		527
		532
		533
		534
		540
		559
	}
}
