
state={
	id=479
	name="STATE_479"
	resources={
		chromium=10.000
		steel=24.000
		tungsten=20.000
	}

	history={
		owner = RUS
		victory_points = {
			3578 8 
		}
		buildings = {
			infrastructure = 9
			industrial_complex = 9
			arms_factory = 2
			air_base = 3

		}
		add_core_of = RUS
	}

	provinces={
		232 275 313 324 326 330 340 353 367 376 396 433 471 483 499 578 3221 3257 3266 3302 3304 3316 3317 3322 3332 3343 3360 3371 3387 3389 3406 3426 3465 3477 3490 3517 3518 3551 3566 3578 6248 6284 6291 6328 6329 6343 6353 6366 6382 6391 6409 6428 6430 6450 6479 6492 6539 6563 6574 6587 6601 9245 9258 9276 9286 9312 9324 9326 9344 9352 9367 9376 9380 9394 9407 9409 9422 9432 9447 9460 9473 9475 9487 9577 11227 11258 11262 11269 11296 11308 11309 11323 11324 11335 11351 11363 11364 11381 11393 11394 11395 11408 11421 11436 11449 11460 11523 11538 11551 
	}
	manpower=4759476
	buildings_max_level_factor=1.000
	state_category=megalopolis
}
