
state={
	id=482
	name="STATE_482"

	history={
		owner = RUS
		victory_points = {
			6794 7 
		}
		buildings = {
			infrastructure = 8
			industrial_complex = 6
			arms_factory = 2
			air_base = 3

		}
		add_core_of = RUS
	}

	provinces={
		481 487 498 518 520 544 579 618 742 745 757 759 3413 3435 3439 3461 3475 3487 3503 3529 3539 3555 3582 3597 3726 3746 3774 3777 6454 6463 6486 6506 6516 6527 6541 6575 6602 6620 6758 6760 6765 6791 6794 9426 9436 9440 9442 9455 9502 9504 9530 9564 9581 9592 9594 9720 9735 9739 9753 11416 11423 11429 11447 11451 11474 11484 11485 11512 11566 11579 11706 11724 11736 
	}
	manpower=2407312
	buildings_max_level_factor=1.000
	state_category=metropolis
}
