
state={
	id=512
	name="STATE_512"
	resources={
		aluminium=7.000
		steel=24.000
	}

	history={
		owner = RUS
		victory_points = {
			186 4 
		}
		buildings = {
			infrastructure = 6
			industrial_complex = 1
			arms_factory = 2
			air_base = 1

		}
		add_core_of = RUS
	}

	provinces={
		6 23 84 97 99 106 108 119 143 174 186 196 3017 3041 3056 3079 3081 3087 3091 3099 3102 3112 3135 3146 3155 3164 3166 3167 3177 3186 3190 6077 6088 6089 6091 6100 6110 6112 6113 6119 6133 6158 6166 6180 6190 6193 6199 6202 6213 6215 7330 9043 9065 9110 9113 9114 9124 9133 9136 9155 9159 9180 9200 9202 9210 9213 9222 9232 11025 11027 11035 11051 11061 11074 11075 11086 11095 11110 11143 11158 11177 11179 11192 11200 
	}
	manpower=2532292
	buildings_max_level_factor=1.000
	state_category=large_town
}
