
state={
	id=529
	name="STATE_529"
	resources={
		steel=4.000
	}

	history={
		owner = RUS
		victory_points = {
			9453 3 
		}
		buildings = {
			infrastructure = 6
			industrial_complex = 1
			arms_factory = 0
			air_base = 1

		}
		add_core_of = KHI
		add_core_of = RUS
	}

	provinces={
		432 464 468 470 475 477 508 545 554 576 615 642 1220 1247 1254 1290 1314 1318 1371 1429 1517 3459 3467 3502 3515 3538 3563 3593 3618 3622 4227 4254 4294 4300 4303 4322 4351 4374 4376 4394 4523 4620 6491 6498 6514 6523 6525 6551 6564 6588 6615 7313 7322 7337 7341 7354 7370 7410 7438 7541 7641 9453 9462 9469 9513 9526 9528 9538 10131 10164 10253 10262 10264 10295 10395 10435 11442 11455 11457 11469 11472 11473 11480 11482 11510 11524 11552 11578 11591 11701 12108 12139 12163 12179 12227 12233 12235 12254 12294 12383 12454 12474 13008 
	}
	manpower=894392
	buildings_max_level_factor=1.000
	state_category=rural
}
