
state={
	id=530
	name="STATE_530"

	history={
		owner = SOV
		victory_points = {
			4333 3 
		}
		buildings = {
			infrastructure = 6
			industrial_complex = 1
			arms_factory = 0
			air_base = 1

		}
		add_core_of = SOV

	}

	provinces={
		1223 1229 1272 1276 1303 1309 1331 1360 1363 1375 1391 1418 1662 1680 1694 1879 4232 4238 4277 4281 4309 4333 4337 4340 4369 4670 4685 4850 7233 7298 7317 7326 7357 7383 7392 7425 7429 7708 7741 7874 10140 10168 10202 10211 10220 10239 10268 10275 10277 10284 10295 10308 10312 10630 10633 12111 12115 12121 12139 12143 12152 12170 12177 12185 12194 12198 12229 12257 12266 12285 12616 12619 
	}
	manpower=887300
	buildings_max_level_factor=1.000
	state_category=rural
}
