
state={
	id=501
	name="STATE_501"
	resources={
		aluminium=10.000
		chromium=2.000
		steel=37.000
	}

	history={
		owner = RUS
		victory_points = {
			11375 7 
		}
		buildings = {
			infrastructure = 9
			industrial_complex = 9
			arms_factory = 3
			air_base = 4

		}
		add_core_of = RUS
	}

	provinces={
		12 45 73 112 135 175 228 256 260 270 272 282 292 297 325 345 355 359 368 372 392 404 3004 3066 3103 3139 3197 3214 3224 3245 3251 3261 3264 3269 3282 3285 3303 3315 3328 3334 3349 3352 3361 3365 3383 3394 6124 6149 6171 6191 6224 6253 6294 6295 6299 6307 6312 6327 6337 6338 6357 6370 6372 6374 6383 6403 6410 9033 9050 9146 9172 9192 9214 9244 9259 9270 9280 9291 9298 9305 9307 9325 9336 9354 9358 9360 9368 9370 9373 9381 9389 9390 9401 9402 9514 11087 11134 11149 11180 11243 11255 11263 11275 11277 11286 11292 11339 11340 11344 11354 11356 11373 11375 11387 11496 
	}
	manpower=6451688
	buildings_max_level_factor=1.000
	state_category=megalopolis
}
